6663 630 5937 2285 4880 8063 3887 4765 7083 6052 9366 2995 5030 3016 6075 485 932 4736 7101 6502 3074 9096 1502 4385 9666 5083 3727 1396 7905 543 
619 4667 2858 468 867 2927 448 4577 513 3439 5597 3365 1251 8925 6842 939 6047 2250 610 7852 6140 423 6144 3842 7221 2455 9911 5285 7179 9618 
1975 9120 27 5172 6475 3786 1309 2946 5965 9800 5671 539 3413 1813 7051 7346 3871 7936 5200 4255 4449 5660 7284 7324 5601 1433 4297 9839 9530 7155 
4869 8839 605 5459 3680 1447 3230 3984 5260 1153 1311 9088 5578 8703 4464 941 1073 2852 1398 811 7297 813 9862 5050 9573 5979 6309 6751 9482 9965 
3768 8530 8715 1407 6526 5896 451 4208 4706 5705 2928 3584 9491 6472 3065 1428 4846 148 435 7701 52 2850 7310 2466 8297 1528 4492 9233 3779 7065 
8919 7944 524 8440 5615 6193 4381 1677 8765 2658 2028 6831 2026 2592 1183 8667 8728 9878 162 2584 8914 4244 4817 6446 4847 7374 9791 178 1632 7912 
1075 7621 2749 7770 6219 1353 4994 4823 181 5366 5475 5636 1478 70 852 2495 5237 35 4278 7848 6189 7946 1463 3240 8370 5560 1669 9916 892 9344 
8844 6096 9943 9185 4482 9507 6620 9513 2993 2373 6493 5659 587 9016 6361 905 9014 4918 8950 1680 4190 7354 2570 4574 5726 3969 9996 1068 2256 9969 
8819 8631 1091 6844 6057 9771 6480 2646 1874 733 7873 5745 2338 3832 9783 8154 562 6359 1211 8490 7778 1249 4701 4029 6593 486 9046 6301 4720 6555 
125 2551 612 6871 535 731 1431 9750 5343 6762 4675 8196 9919 1880 4402 2683 8658 6936 8100 4272 5858 2256 5093 217 844 8541 5221 4830 2676 2534 
3456 5996 5459 8216 1484 8958 9134 1551 5899 8302 4637 8763 6164 2309 2261 974 985 277 4073 7517 5590 9209 2658 6918 8721 4209 9328 8274 6012 7710 
963 6602 9705 2627 5609 7943 1554 6498 4035 9125 9896 7698 2095 3141 3206 7417 2652 412 5656 5230 5265 2720 5589 8466 6808 9921 1254 2229 505 7860 
1725 4310 1173 6690 1648 7592 8068 6523 3128 3476 3222 851 7331 3927 1086 3730 7497 6879 2278 6867 89 5692 4793 3134 5609 7215 995 8198 6484 651 
3885 4012 8888 2377 353 9977 2625 5284 7483 2717 811 3476 2124 2607 7394 5778 7358 9230 8578 4920 9464 6361 4175 7765 1800 7626 9572 2187 4358 5589 
9391 8641 9552 3488 1459 6399 4993 895 1380 8854 8572 5834 1126 1516 2132 8584 5082 6831 9277 7154 9425 6230 7525 9642 5137 4489 2631 5187 4663 7916 
6904 8597 4973 4050 5995 551 8326 4733 5784 2856 3039 6842 1034 283 3658 4745 6753 2320 6057 6528 761 2773 955 2912 3766 6317 1679 4729 7867 3772 
8598 9856 1056 9285 8941 9813 7908 3709 8206 9672 7090 9812 2060 6417 1699 5748 5947 2232 5838 314 6081 6022 1406 7848 6014 990 1076 5123 9588 1616 
657 2055 2993 9795 9375 1867 1886 2695 723 7298 5188 1750 8963 3846 1434 3835 6763 3235 3018 6293 7383 2395 4932 4782 5372 8372 209 1800 2337 1738 
6589 9244 3642 6682 8612 935 404 2617 32 1058 6097 3741 7712 6748 1626 3312 4232 8674 6416 4044 7412 4994 7971 634 251 1145 3350 6405 9124 8457 
4237 3272 4123 7742 4210 5494 9796 2959 9990 7766 8403 988 3856 1939 1908 8968 2091 5056 777 1134 853 8412 4300 9481 1198 6115 3429 7760 4110 2281 
2678 4279 6835 4153 7109 1593 3275 2238 1391 4378 369 6205 6510 1450 1158 3895 5429 9085 8235 4359 6592 1603 3621 6598 2334 1374 4918 3580 8277 6967 
9064 23 4923 4348 6216 6204 6129 6856 6470 4586 8932 1596 8336 747 5442 9681 9635 9921 8681 1002 2928 1445 5834 5867 6285 1625 393 6727 2593 4413 
9544 2805 7692 3288 3650 6510 1925 5712 3382 4407 403 7407 119 8279 1567 9681 3332 1974 8244 7350 7556 4228 969 110 742 2503 8519 4519 8949 5934 
6033 9223 5526 5277 8092 4910 3758 71 614 3508 9414 294 7621 2289 9467 9521 1290 7717 4840 6646 7472 8921 9819 2250 7121 3059 5272 7228 7294 1893 
2700 7752 36 1043 4480 3752 6995 9817 5896 4791 7816 1488 6739 6796 3584 7075 5675 4953 2247 9756 4556 5202 8953 1601 6329 430 5347 4174 6603 3142 
4358 5019 4265 8271 2487 7264 7821 2111 2856 1745 1948 1439 1552 4741 3127 5579 9512 8964 4150 3507 7709 5100 3097 7982 2785 4175 2570 8982 1001 6190 
8847 6015 2549 7639 8040 2561 9822 8818 7048 5006 382 3484 2477 1410 2239 471 8362 1087 205 4188 6010 9241 33 894 9198 2659 4414 6082 7539 9670 
9190 6858 1272 9128 9714 9621 8373 8922 248 1489 4553 3110 2068 8227 7889 9786 5690 1274 5777 3359 6688 1095 3232 2292 8900 1443 9436 7272 734 6390 
3509 2882 8889 4049 9542 4691 9887 201 3228 4404 408 252 7419 4299 9463 6891 3672 944 1217 4110 1583 4236 4178 190 3411 4746 9413 4943 615 1986 
438 9187 8401 6737 6776 7003 9638 4938 7859 6982 7441 1412 6853 3153 4419 8499 2577 5030 2997 4625 7361 2310 7035 640 5139 1324 5671 2187 3536 5424 
6018 9766 4785 446 7766 1975 9585 9601 1776 8490 4167 3562 9046 2082 3503 1821 1081 4375 6172 4768 6310 8616 8268 6543 6026 4496 7867 8710 3994 7331 
8816 7940 6860 2163 4347 444 5317 304 670 6787 4896 7546 6188 7060 5829 5682 6301 367 6336 2697 2957 3938 4701 6231 2574 7627 9128 8246 4559 6600 
1622 7404 3353 6751 5786 8652 4374 1683 8496 2453 9494 8698 6794 7460 3284 4869 7240 6747 5470 5602 1571 5412 3716 7662 1345 5005 4398 1709 8254 8568 
6514 7773 6266 3985 8389 4537 8937 4198 4840 4615 