32803 96786 62735 26045 80805 92598 81534 66874 40170 22054 81977 65714 10306 90098 49010 76141 25390 19251 77131 3663 44001 62477 75306 61320 61398 15638 91604 80182 37026 4839 
39623 74369 42602 20365 82211 71720 32560 7202 13358 63857 615 34990 25967 57109 25999 75855 9993 82561 32851 91634 29512 96525 79095 83600 32479 45087 3344 89056 54096 16777 
83329 61607 9980 26667 36178 55565 42022 37733 38188 7142 3600 26199 86308 2686 34701 90512 20229 34880 30344 6185 60844 90361 13246 80178 40466 7787 92315 44718 30292 64696 
57259 2379 87782 92793 53609 30897 38731 40279 74245 63323 32932 37831 38893 60837 60926 46442 34756 37604 30558 54927 5301 65845 94488 24848 46582 60964 980 98932 420 98594 
16605 9296 37933 15370 84373 56684 67298 21889 92711 56537 77286 41510 30755 52440 46617 33344 24326 5789 26419 68786 19497 71543 80172 19416 90495 32626 16396 26057 19948 88852 
30521 32913 22410 84262 31107 33748 75149 3778 65784 56277 69108 82621 75615 32096 41075 17342 75938 54504 38335 14124 18522 68804 45814 3177 3701 94361 19956 86735 44583 62541 
1883 49279 89261 9599 9492 6719 43398 87056 68915 83164 48655 63878 74358 54967 39644 28566 87116 92600 56707 68645 13898 28664 80144 74276 20870 848 35696 92663 59397 38954 
57261 14660 79061 9233 27153 68636 74761 91210 31644 27256 48538 99387 97443 69232 35241 58265 26743 54229 35527 2153 59290 13680 2671 82874 72633 33954 43688 72777 83965 32809 
49977 21587 37959 47206 51481 21475 61085 28817 85606 18551 15121 51800 78719 52410 4687 87152 45992 81625 97586 94047 26213 5343 84888 9411 65861 8716 63675 64688 55750 40524 
25649 29676 20382 72286 24843 99193 93508 7604 24870 86996 85596 94863 84580 78541 68646 40405 18119 773 11228 52509 94616 28014 56105 16127 77397 61035 75211 80366 2543 10870 
49297 3751 37260 80198 65093 14758 46853 88444 38184 4133 66213 29974 80462 42399 3530 86176 80083 80564 36172 2378 47376 70050 368 79959 99560 5735 12669 28366 70537 12841 
4829 77126 81021 41960 59909 59179 86818 43872 15663 57930 49267 25629 28632 3783 67849 364 96231 25896 78233 27623 46120 61949 98759 57105 6903 1718 8250 43754 31755 66315 
10601 80222 13827 61414 58306 28994 14556 20087 39810 34965 93283 41497 18841 10560 82198 1890 63354 3373 46413 71103 15738 34799 62040 23555 97656 18539 97561 94926 18402 66061 
34727 26650 45213 43933 50115 30200 52462 4558 83334 13993 85063 98766 93312 56852 7975 78475 42978 31187 44884 67618 31272 91774 81334 36775 56586 64602 7001 47485 61171 15418 
96161 4321 50030 55891 88821 64144 22629 6785 7275 77404 3717 33114 2363 47330 75528 65354 35242 93035 47977 59317 48352 95322 5329 80120 49465 48062 42891 86788 81352 63509 
52622 98157 38873 49999 45480 18829 78096 68424 77456 49673 18595 72343 43125 74357 66686 97917 65735 50359 18676 90168 18392 16751 30803 22512 46052 65543 28050 55036 35589 10423 
80959 89565 38542 40820 85565 76856 38195 15859 79402 23497 62048 78016 46700 11978 32028 12978 21001 50340 470 43348 89941 12619 51780 61666 99542 94931 26851 36952 64365 39908 
52051 47046 11713 37415 78954 91054 79664 22392 77306 64272 35813 11159 71274 89502 66087 80181 34308 41149 75246 15653 52339 41688 57559 56076 65835 62223 93756 29 15510 39289 
39122 25828 21545 56630 37291 17695 74129 78466 97788 79659 27814 26335 78554 42189 26881 89521 11123 21884 81837 30525 52622 53884 59413 46354 21041 36260 47664 82785 64244 32103 
15482 68958 62679 92974 49597 5349 78707 5972 12002 71122 63861 3147 75205 547 20571 78805 59020 15781 84283 96391 84821 61434 83589 82682 85911 89471 31757 99545 93515 95093 
79888 80883 53284 68159 98277 25561 6107 76110 31691 49166 62991 26518 61201 48274 81776 76724 54862 78080 2023 42442 53101 40762 76620 36492 39720 63357 57152 9749 63911 26248 
41730 9280 84102 88721 43488 26113 27852 39715 68288 30040 91294 88065 13880 961 25452 13251 93079 9290 44084 98230 86374 90623 82620 14269 65333 86695 55416 58907 61574 76577 
24200 25617 8746 83490 79715 38088 65558 74192 34461 24597 73826 32120 63343 12043 60654 82779 65100 60949 85746 27926 57658 19951 64043 25119 47324 37164 59653 14695 6068 22580 
41575 68631 95597 78895 52267 14131 11706 11597 73493 53804 44309 95752 59323 46841 66041 5963 36057 75122 56027 87846 74246 65180 4537 43001 15738 34394 46760 77551 85285 18581 
49108 94564 74347 61471 43645 21810 3626 10304 38674 61709 3714 89904 62698 27016 63348 35252 74908 94682 41703 52762 45914 8354 82567 60111 2124 97202 73952 14943 87857 14998 
44822 58716 21795 28194 88953 17055 89751 42895 51991 53221 73136 76117 25809 37270 74354 34409 27479 14837 19082 37313 12041 78600 36898 2349 63201 2734 2461 71870 62500 97423 
95073 32997 61939 98995 99647 94491 97033 73501 12135 72418 41985 85676 89370 32387 75629 26752 15809 52807 14327 64674 14866 27032 16107 2432 21096 7386 59701 85280 87570 94656 
92757 85291 39440 29794 81171 95006 78646 98711 19963 39131 75254 54446 52910 7505 80645 28586 44228 95224 25752 76152 8935 93574 19392 78638 85826 92320 99628 3054 68245 28295 
23495 15296 10318 26211 83190 50532 76048 86516 37446 71036 52194 88083 96282 72568 45098 58975 53925 98925 90257 80735 15590 46170 8749 10617 14174 59462 86808 99395 80958 66026 
58063 64016 53769 96779 17442 98253 64844 91011 49452 88715 24303 10733 63983 37328 42317 4583 24523 32777 51940 71523 79818 5473 99835 27208 16554 46288 45880 74247 28306 42474 
25825 7759 36368 71314 85388 44265 91617 15237 8807 24666 47707 43200 62543 12143 93180 69971 68477 6646 21887 39964 94193 42013 78793 59895 75061 40811 74491 62022 54667 98724 
21536 36592 69248 64288 72504 23732 12375 87794 14450 85351 64278 97513 60674 61679 10750 90568 92850 25798 64120 43386 65803 25712 17538 52097 87013 33597 99555 27882 49475 65909 
39964 38703 90466 2213 94246 14313 56124 33079 73864 88979 52591 57170 23252 28447 7647 61663 93959 8993 57237 61049 34814 51873 3433 40482 57674 71106 82617 78515 93993 54128 
61417 49272 42285 81859 16828 62623 97079 31363 65734 91799 37235 71963 76863 63014 72670 98597 56244 58012 80393 87825 20470 3078 64501 62480 20966 31431 30040 32934 91894 9239 
99399 55880 38361 20547 93022 8451 24122 67152 37436 33098 30507 16760 84566 8519 85212 19298 35803 64055 91779 78804 28767 54034 60611 44376 28777 78944 59718 7343 25395 58361 
49399 73965 6489 61292 75543 56994 8802 74795 6431 83162 49692 83585 67438 65735 36521 88845 33222 40872 69407 51365 68465 84444 49463 46084 31805 53215 92058 2079 97553 49554 
90894 5787 22237 20423 198 68362 37352 17509 83430 57393 62642 5596 44557 27442 97901 53206 11687 65572 95622 45173 35803 25309 11601 93908 45313 57534 89684 89221 6981 71445 
43817 74135 99102 33309 65883 11806 9790 25764 61612 921 64277 53302 34425 76 43955 32735 84422 15285 98017 63720 54218 58566 2696 83765 65203 30274 71776 29544 6022 12839 
97386 81586 95435 25064 87641 41948 46915 46500 33882 90533 90204 52404 68268 58655 63351 97148 48675 8740 6631 18479 94480 18398 33638 94201 34022 74383 34998 69515 14796 41207 
39982 99611 33188 55470 24241 2216 95607 98737 31912 38982 60208 93941 54064 47786 50951 64546 58514 52751 83216 3992 68779 41778 11381 78421 30862 3352 84294 49499 66421 59670 
82185 98436 28348 38333 86117 11164 18287 86900 27328 62280 71329 92781 58338 39715 46739 41161 35977 48482 57347 89613 28867 42450 64324 82316 67445 91179 14447 25951 28362 64146 
94388 5409 1689 40859 10945 65686 47539 94462 66770 6088 45597 62481 99998 21992 14115 84244 3611 96135 68458 99529 81937 6301 95314 72546 18007 29097 465 78794 33640 8173 
46117 33427 37458 28747 58032 36495 15260 4913 13343 70 4386 94077 17918 20301 58680 86018 82087 86073 66803 21204 25565 72120 7940 10577 14849 38496 84159 53760 75864 47550 
73733 67182 50173 62004 74635 66152 77174 30263 10499 4653 21419 47530 74119 74999 39547 6887 90738 42753 47884 58535 94401 24112 95341 6928 66620 93073 77459 31313 34758 18624 
69750 86425 73644 86803 11868 23673 65529 90640 27178 25618 97194 66391 25278 64003 23013 27771 14556 30236 7204 20165 64453 22411 28901 12787 82152 59649 89336 37253 52326 59104 
40456 41196 47990 4575 232 45369 39958 60351 65356 10918 16735 64587 89405 32654 46009 99352 61542 96494 30579 9892 34881 58317 529 32050 561 72391 19672 15441 9704 23686 
33205 32897 37004 26392 7348 9559 71665 49892 8724 7593 73925 63456 56626 43377 89138 9021 46044 78079 24191 19067 26446 91676 90655 60704 96286 38570 12168 31301 62583 81042 
12894 5028 46392 21329 4705 30061 35888 93019 55082 46359 55693 7977 91 52519 67093 24459 19314 72402 49895 76906 11302 24273 26950 46529 5489 28882 62994 59679 72402 79330 
41269 75435 5002 28335 86267 7328 12953 83444 25299 59129 37758 22508 6894 30920 12470 17945 17915 25619 94565 7004 577 30897 44456 37764 53703 24721 68429 30487 68077 33592 
27446 28598 6135 8106 55657 29852 87012 12033 18568 5201 93331 98086 26134 70228 60473 88676 65852 25864 38884 23977 39990 41230 31068 3289 50044 4649 23481 13115 84220 88291 
84710 50706 31642 96991 40129 47056 8854 28458 43595 55895 52129 10598 23589 57004 65997 97481 16657 26591 67840 37422 53321 90836 11990 31525 69102 44974 72032 32694 97928 21797 
79034 83016 97941 57713 53972 65090 27115 13409 6840 71428 68868 20622 37287 85492 29975 82628 97827 85201 39515 91153 14488 58689 70335 37835 69523 34939 54735 57637 29786 21811 
49536 65322 15502 94665 47539 42826 44774 64876 9423 50222 15018 34360 34334 34709 68785 1683 40933 42124 85420 58997 99090 76303 73678 23782 68254 74743 53625 77073 40585 28474 
13996 15988 81484 81592 20785 95855 68382 22800 58951 88207 29300 42378 8473 69771 8360 28296 12400 88464 77121 64445 128 28779 89053 63762 63517 72324 58080 59024 22454 44799 
39385 8580 26490 45393 86945 3349 76833 10428 61991 52539 3728 63279 90099 20865 49075 83557 63198 69529 88876 27187 30035 2637 89712 41337 30626 16394 35289 85990 54885 42526 
68330 77513 72713 40372 21015 57702 39313 7318 40046 26425 66048 28251 80424 87153 54665 70153 95783 46968 6510 83194 83646 52001 16700 96226 10489 3256 56369 38348 83499 61136 
82522 39761 30002 43926 38452 88698 33756 55524 977 86591 15551 48694 80050 27787 16500 15441 2281 90563 7135 38519 19448 41992 80403 75605 3564 37699 89907 19368 93547 64453 
82355 3036 45802 7406 91310 70882 62162 44594 58770 20496 20078 46634 3932 83693 6377 57727 3844 21267 58480 19878 88820 28759 13048 37217 58181 12144 31089 480 52877 94352 
84260 31458 24562 96134 50091 48897 87740 87131 91040 13146 47648 31007 82305 35172 14136 56981 95540 68061 17571 99560 18916 46488 46657 4739 34650 67268 10171 99379 18567 84756 
52695 76284 94415 88177 21584 88807 48018 63484 52024 68969 17455 16357 51482 85194 57200 59752 17165 53139 13739 43012 80679 44479 54959 5035 84383 7639 41479 16731 72300 79111 
153 99443 11244 60850 98816 78792 5400 59867 24154 33201 86518 71513 31635 2036 59176 83505 75128 18834 78449 8205 74840 62005 92450 39731 54643 69841 33014 44740 3234 74332 
54391 74788 84329 7866 50264 98144 50135 17807 98736 83867 63343 73516 43098 93572 88228 8382 84238 47798 85769 62009 99365 81719 33212 16527 26571 87209 45169 86404 32827 29038 
93671 26751 20010 85119 28547 62539 83390 44344 66086 1880 54285 61615 33508 11538 3645 30403 42959 55125 93380 4453 47747 44982 92104 32280 63937 70955 25653 17142 21393 10426 
46253 89711 79762 18392 37142 56057 9090 52404 49841 57156 77493 4516 35567 88906 81724 75200 38960 8405 7462 10434 14214 39000 90808 23679 87723 9656 53538 31421 65357 96428 
83201 52018 83661 83988 37634 61646 84652 97229 66303 40743 18965 87120 87749 97642 77690 89088 55914 2639 79414 62748 48396 98938 10955 6651 78989 45994 24331 82571 55767 22061 
77730 82632 71212 31051 43819 85766 48316 81801 49196 70784 38380 36560 17018 88748 6742 42116 80739 34270 74019 48819 83084 79369 13665 56922 46524 23518 96871 84991 36124 74167 
26644 37483 53228 66406 58349 11510 36638 32262 22030 44591 65398 83955 71370 96604 27015 20854 9507 77201 74020 43786 27135 89249 49717 97217 6499 65931 96257 13615 8801 37006 
41010 2626 88793 34404 69396 26999 8911 15079 7921 46016 36686 84610 58623 53239 66529 53208 36479 23477 56610 5221 56794 96675 35998 29959 5081 4667 94869 38507 14682 55401 
14829 31999 89705 72023 49972 41463 56788 18352 93641 83656 68681 45048 21911 10295 12952 41002 25323 79894 87437 12986 11481 56378 13648 34143 56428 54467 8902 16943 29355 31852 
29509 68638 23515 46562 13434 97721 5005 73136 51552 92345 12215 2658 92245 33860 24557 24484 30628 51795 61069 90914 71823 64460 74286 89496 12271 32983 29884 6323 24682 77654 
56470 3460 50374 13199 14439 7643 98713 85561 15473 81593 58001 63614 89122 14207 67520 29090 61296 26366 14310 44076 4726 67282 87286 97097 62476 43389 37742 30060 28857 49253 
55317 71955 5593 29848 85224 18248 90161 63851 85171 66511 37495 13488 18695 49385 53436 37778 78130 80759 25410 90758 68156 24727 16270 69225 39690 56391 38113 37635 45430 69356 
40566 51983 38015 88537 67594 37339 68725 6353 84045 77214 4451 26234 96776 58469 66235 69232 23853 56476 4274 42364 29519 94011 92612 9998 33606 63949 46875 10548 62460 79573 
10140 15905 13679 74016 47099 31266 39183 79101 27102 56927 8526 61313 28468 59006 1383 40983 79385 78076 39168 16803 60722 41404 50859 32793 88614 45031 14294 78122 91987 92101 
15661 45951 43679 8863 73701 14026 58822 61497 61090 39953 63835 92754 62592 96711 15106 67817 99665 38607 37668 82230 59654 70326 78042 58198 78838 12500 798 49265 90801 66317 
47015 42048 78719 33828 69731 66783 81231 26883 34007 76697 31925 38599 72874 14077 50288 3886 5121 15955 14417 47476 91508 58304 3133 92435 9151 10961 72322 66510 11809 82168 
36518 93453 30099 99288 72650 56592 41216 88636 18440 69998 49201 4038 69154 55777 29738 43674 37726 63194 17514 46855 34033 7387 61994 46390 69187 46328 18648 23190 7324 18551 
48254 11478 52 71810 90541 32187 99980 55874 75897 59946 46486 35542 90820 47767 89733 31219 27687 40797 39984 4569 67503 25712 28440 2231 70415 35176 88986 70982 34869 36134 
15405 71493 32659 91950 20054 26075 93968 39275 47656 62783 90012 63033 33944 50412 56871 83114 89128 20701 55512 89736 22609 56434 3415 60316 93249 59711 53334 88037 91952 8015 
2509 63703 79607 73252 73832 80111 80854 85777 35470 59550 33720 97882 60277 65428 40066 72850 41023 48926 79518 7070 12114 90196 56455 57957 74468 17540 69211 85748 86063 6686 
33214 36385 69240 97218 6702 13683 59348 60794 42915 21637 41964 66587 15005 54676 4085 60004 30696 85235 6760 35414 85514 36105 10935 77763 34108 7165 57811 32488 28363 82421 
12059 45353 33322 99232 73704 39794 25978 62930 38756 16394 61645 21362 93983 55466 2567 4018 49103 1641 94644 82596 1297 54046 40803 85393 16501 11264 6688 58213 55551 56038 
81360 92141 91059 37296 10636 35102 73692 70443 78368 8515 53204 48476 88780 84747 9304 36449 27535 11308 53005 60075 74487 28633 78488 38072 27764 61422 42294 65377 10989 70071 
7841 9407 55718 35508 97674 90405 67639 57948 57950 91343 70237 33365 88870 35102 39536 32531 48567 19479 95757 98954 35278 12227 37178 30127 39685 13504 340 95697 64062 35388 
11004 24756 9487 56615 56153 30217 68073 48820 10004 50595 11192 3996 64455 31573 37841 38603 94504 41211 43278 50133 83198 98399 86248 71085 63285 93342 58144 45863 68369 38765 
22594 97312 60544 20066 93850 62156 49073 57165 66516 17855 52408 46926 20711 43372 41960 27091 25816 88611 8719 665 913 46805 52902 81560 9121 55303 98524 65689 32521 58770 
81827 91302 5685 55226 55947 3849 50723 81621 99306 9028 47469 53701 57374 91706 29144 43450 2900 60365 69652 89570 12826 23862 46090 2748 1124 36277 86697 79202 6936 95286 
68378 60623 56673 1542 63661 19087 8966 88166 94188 84376 87485 74966 48428 61235 41711 47692 48940 39813 87011 42955 24769 37697 10852 99410 12527 36460 21152 25696 61756 62673 
70442 4430 70601 62486 10038 62520 89855 14944 50929 57183 85779 40837 90887 5793 224 39896 41183 91375 89600 90098 21677 95531 27878 88151 51044 93246 87107 60513 2578 31506 
17459 7002 38641 74561 18379 82069 34687 5842 49679 69407 18967 80200 78528 84713 22289 7043 97917 89296 64208 38640 26234 25657 93130 91085 49873 224 14261 23868 88766 85201 
28346 24452 93889 10904 62081 15860 61574 35093 70319 39739 8357 41553 77988 22230 45154 11232 55267 72036 60395 5531 69008 60145 6197 6179 66596 81663 8873 42584 98695 84583 
55020 69536 21323 56835 17146 24497 98582 95735 74974 68567 14668 33827 66236 49239 75045 48532 30677 75917 24022 73120 9854 51682 73850 513 16388 60056 8824 85613 58543 3147 
36388 95342 27884 30272 26322 18776 7758 93301 25242 14140 8120 52201 28026 88460 44526 23618 66178 67321 94362 89081 55948 99751 74480 50653 98738 38575 46210 84229 81307 54876 
26430 13030 47094 16506 23130 51598 23417 40956 35629 62903 27210 36128 29893 46274 38898 13044 44820 15024 75187 35824 24385 69515 13061 55236 36470 216 88969 77040 44337 4497 
27193 54073 75457 20864 56203 43594 66351 85888 84188 82577 53727 28355 75515 50293 88978 28935 29520 63498 97110 9795 37634 65728 45325 65264 18908 17912 88875 95584 99326 66845 
68811 52740 99154 83256 5847 91318 20274 89860 16170 13587 6236 56946 63551 46737 81790 83472 54682 51670 77117 20354 58844 64001 21701 82623 44101 48740 54615 31326 41591 84283 
64618 51178 65512 44893 69452 38767 12008 61837 96337 53842 81560 3815 39220 57303 37554 60382 77528 20089 63136 63637 3694 93903 19379 37322 13854 25651 36914 4767 28547 27010 
3425 96817 87657 86027 92936 92895 59022 43989 3310 48852 78997 90000 34854 58370 63942 53054 7205 8631 50935 93771 70886 51031 6838 29085 27593 36580 51286 28950 5899 30432 
87843 17861 63490 63616 5242 51075 70985 70316 45199 21040 84149 35958 14668 2802 13157 32898 74154 48879 69368 72493 79023 90135 23795 74747 99896 22348 78445 92334 84021 14004 
60549 68891 43139 30871 10047 39870 68410 26259 79925 11411 52120 24634 45075 65896 24536 72346 67296 54377 83268 88734 55195 4187 47009 76832 23772 80998 48796 47023 88535 37100 
67047 98025 95081 62928 38479 55299 30466 8123 97494 60819 96020 69897 15175 83174 44537 91390 9470 86437 87502 19438 85944 865 63304 71381 8159 43136 737 49114 19303 79057 
618 22838 62112 80324 29093 71032 71158 58328 69605 41366 55045 56794 5150 75071 35340 47761 3800 9406 18626 16931 19016 67131 2030 92288 87389 94886 45515 94207 72511 30938 
89452 78478 37181 4213 16304 26501 51631 85377 160 51595 91635 20411 34036 85150 41932 49463 47859 81801 71780 14539 98810 77736 35372 77198 84953 75255 57144 29300 35127 41255 
50816 68501 46906 53562 79633 12570 65761 76628 43352 14820 30971 7944 46129 2582 75828 25761 38574 73749 55932 99282 45247 40990 93761 23312 26847 61430 89318 85102 26222 76893 
7791 46441 66321 18396 1007 82628 15834 5297 87136 53953 30031 92143 98737 7339 21857 75498 75462 60000 27382 24900 44912 29362 11581 51154 60940 10191 94205 19334 29443 53234 
9964 64339 13445 89268 17403 70246 60908 34986 81894 63661 54616 51103 35693 38222 66022 46338 73927 81811 23310 90733 46336 6023 49951 51426 76181 56673 38573 42245 90034 73417 
14467 26600 66771 79654 21381 71470 66257 52151 88379 69268 8370 46771 61383 60551 28863 54298 93123 137 67690 77436 62059 73780 46324 98138 30297 87932 12384 38696 68728 32555 
82956 79937 70508 85212 64769 8269 88509 31396 32441 51654 32703 51449 7130 91079 88838 94180 25977 92557 28090 39718 49167 21851 69884 38065 35331 29986 28448 21154 84091 9773 
34953 68246 74891 84014 36979 15629 88928 5194 70764 86633 13303 80083 24017 52976 58590 86649 71834 31386 11538 20227 3280 73281 97863 33208 27412 34845 59631 65128 60385 69685 
35498 58092 43239 34012 8246 76006 57124 61448 34355 95411 50165 8605 84399 31663 3244 92391 67285 99222 15737 54065 33664 36420 30031 78692 13237 6497 75149 30570 87229 75068 
66611 92451 92664 27135 63730 71119 52017 26684 83056 36045 48072 5076 12054 53917 52711 21078 72843 38045 419 29070 21832 69579 93471 75513 61786 90176 78296 59046 94521 42090 
46241 33755 98916 37471 72691 47425 79956 52216 23485 47165 61100 22754 65634 86150 96146 9663 62159 75658 4371 86983 41678 21361 85597 62985 8374 54485 30563 15309 57769 75935 
35851 96546 89485 36680 17293 42391 66226 21435 96144 57679 49046 35085 76867 70837 56088 20793 83380 91142 74467 26524 50013 69130 3434 71677 40638 33196 8427 60873 63546 78202 
61389 48866 18005 67922 60727 83745 43816 31785 81946 67235 33711 45125 24895 62662 99054 97761 7283 32850 19520 61022 48566 66117 93014 70704 37828 62918 72334 26382 86996 25312 
2532 21382 99231 2631 10929 20371 97918 50886 47557 36121 80821 37844 10179 67930 62407 64215 33732 50098 60635 37715 97182 1232 21820 41858 76171 55531 39431 81727 47845 42208 
41908 24448 26594 78636 79939 40738 21808 31290 52243 43394 34697 65010 74616 8622 5396 93881 48077 68436 2133 46233 74177 91468 37220 86715 15423 96407 84083 31169 71731 26844 
46902 40631 90309 70306 59884 95923 1654 9083 89262 28482 60136 85162 10251 23939 90815 89361 61738 55189 2876 19872 90118 23998 37160 22335 43458 81065 21603 52421 70939 80752 
28633 80045 43315 27019 44898 30459 46745 6209 50618 91092 42536 43375 57497 55163 30880 85440 72554 84659 10063 3051 35261 3932 3066 28724 42563 73681 63236 90070 21688 88137 
67403 40056 50896 33769 21722 68320 17609 22978 39749 11462 5075 59477 27689 77009 23655 81558 27954 58560 52074 19799 41692 30515 5745 43010 56434 95206 8471 30031 73758 15990 
11570 72088 95100 69313 83501 18585 70775 90787 9128 13413 22340 73592 83833 9850 68453 55667 22061 69604 2276 15448 43550 2852 25127 86650 14639 19773 70034 29886 83491 42748 
69006 44056 6399 15029 45294 26626 72464 34200 5649 51021 26345 94936 15170 98853 34774 39122 63025 41424 31242 84570 13261 44161 57433 78391 73016 6362 26838 20523 91196 82200 
53367 23944 99087 25926 88900 82956 55347 56467 64748 7147 61891 44208 11637 88937 56235 89361 36214 61443 33559 68470 8735 77502 80809 70715 59569 39276 32958 68769 40404 1471 
88273 77461 62637 67504 93065 94002 77145 65983 69495 14124 83306 48049 90099 17051 97956 8866 3266 52612 4636 99370 3455 59227 33331 93975 84897 71320 56463 31883 35545 12783 
51842 27117 34983 76082 37495 55912 88017 87938 61219 35868 58974 9123 84108 79682 35519 93974 64220 52443 91005 91699 95634 69876 1852 85511 59311 53670 18440 64854 99762 47252 
38174 80555 95303 27699 13132 41866 95478 30909 30138 15540 14078 14259 40109 36233 98138 74810 25096 38117 5300 15737 89332 7029 15050 56654 20047 67076 59830 15382 26586 45511 
70331 73775 21125 40804 76443 43902 63208 56412 74440 45574 39616 38953 45239 17393 83660 9944 75903 19910 47857 53397 46695 42725 65731 70938 36790 48003 133 75374 30792 86348 
54358 1788 14103 75347 43489 41213 35996 80589 9761 19525 10647 13760 16766 75514 55975 2760 81791 84048 74028 75822 91582 82495 26491 42936 31291 89197 94219 41752 68778 96365 
69183 69072 599 63033 52852 72973 85654 33514 54418 26012 38362 15369 77645 67028 43114 29503 93450 44400 84458 43595 99319 88726 10060 32882 8906 70994 52042 16793 77603 36907 
59810 81570 41535 23020 6505 95161 45325 44772 96961 72525 5088 38288 35061 70705 53 54533 63109 47267 36982 4493 56293 9309 87102 56183 12263 53029 48423 28886 52569 76599 
9789 36105 94727 47813 52715 10631 17453 55165 77000 95652 28420 90290 32714 54717 3142 53650 11034 93654 89904 39420 1632 61211 9707 14859 7756 91615 61459 7723 39920 40891 
54183 63426 77086 98968 93095 1171 40198 53672 47304 12729 60668 10364 86379 53778 80976 90906 58986 14574 355 71391 44497 3735 20056 30420 87226 22746 41700 80857 12041 50894 
15905 75362 90784 81200 73476 95027 14368 1794 12988 1109 77784 84286 67201 53242 71339 16620 24515 13731 61614 69964 41524 94512 770 48033 1889 83956 42687 81916 73144 93139 
71470 92140 55589 75429 62982 85034 64668 21202 89162 47383 69163 15844 51813 4851 84593 40727 61953 53988 20165 78252 47593 81754 49255 34050 3940 73153 77827 27429 85646 45841 
6792 89792 70189 90105 53997 52330 92480 19575 8099 68681 19073 98607 98856 41587 19715 68180 50542 31005 3890 37767 34372 13391 93766 53897 48087 73482 3424 84579 48869 71470 
666 73140 57778 52335 79207 53100 60372 51389 23677 89014 66959 99297 70763 53493 47993 9454 20724 49367 48247 45671 83283 99672 71634 1793 95198 33287 44731 47546 71732 28275 
1623 35751 3390 51612 15736 25809 79144 4249 49335 34965 87742 49351 88350 36176 48022 31364 35402 97483 81283 32471 17245 24721 83268 70564 49698 25069 85600 30908 73233 48395 
43685 75563 96058 12113 16806 3237 78783 61412 1960 56130 81360 12776 95071 98186 3405 6131 28472 66477 64113 14625 44275 4414 75704 30586 1947 12671 37740 39480 48257 9004 
78352 57805 39903 94344 8180 15796 47347 52894 56571 5734 16917 30110 8285 3605 97790 82348 33849 36436 36042 80868 51553 29080 87326 21988 9724 96908 25823 64478 59052 5647 
52509 63636 37703 34393 86134 19719 90161 63725 29323 3175 95245 50541 60559 76939 93708 50637 6789 46465 52529 70657 1309 7131 21868 48868 87921 63467 64510 90644 13547 46722 
54674 70020 78803 24126 8865 20485 99591 69905 2125 48104 42773 21053 29705 43986 31546 25616 69247 78034 8992 94927 80101 16896 70513 73505 56396 15091 29102 19335 36709 81598 
90822 64060 26900 13834 25146 79682 26430 97564 16392 36382 79485 46364 67196 14311 19214 6704 30366 40680 98963 43183 12397 64196 21878 92232 63793 33086 95242 97225 25790 23791 
63521 71642 64300 47597 65744 82002 8281 1984 66846 71750 59985 6005 98364 25403 8788 64044 32653 13800 37371 66449 61005 96227 57479 86912 58103 49417 53080 25161 38242 87010 
47803 53939 15409 92701 31071 83181 83052 61372 59183 92292 64980 1424 4312 62194 76922 55964 86928 57533 75763 98115 78528 41630 88118 5150 6906 51612 54178 91722 26804 84149 
51424 12599 91139 73876 26078 82485 88505 73674 18907 55803 98028 48150 13161 28919 7518 67225 67705 61325 61051 49288 31580 71650 67437 29525 87289 30007 73986 96622 50374 58292 
46892 44714 1836 88534 22726 4204 3597 5328 86601 90441 11501 17278 66157 49060 86973 25120 53470 89220 1771 44554 17979 64623 69086 70180 74887 76902 70821 71759 30036 4940 
27773 49673 46004 14552 72698 78489 16447 92023 27946 37163 92515 72508 36871 50623 92480 10553 47547 25302 38681 29935 91716 35849 69113 21966 76676 41472 27149 16301 73180 33757 
32150 16582 20937 39123 46000 32553 1144 93780 91079 80310 98377 95882 71112 80194 20308 10723 46192 18364 28710 65285 95752 38078 42153 81191 25976 76174 44331 45915 27600 40824 
43997 85094 38602 30113 23586 4890 99670 8946 76285 71167 26015 36783 74537 14681 87212 33754 59942 20065 69327 97525 35238 21275 11176 2419 95022 21262 78925 81714 74994 46212 
81517 45454 50349 78497 21497 55656 35833 6777 37120 30472 60159 13182 18020 28459 93070 9547 28199 16489 55752 44851 99046 69504 3919 48571 20285 51028 38071 43305 17764 9976 
61056 59533 4010 76671 10686 5688 54778 13133 18507 78907 29910 61969 96840 46369 69370 79503 80785 50029 68777 85982 94331 12275 91309 51461 34983 79298 4937 1492 82337 31998 
61014 50432 98654 60841 51091 67593 85863 16005 27121 81275 50739 39587 92577 69245 52508 31178 48982 29039 71447 37622 39754 27686 32324 90839 43476 5278 25627 30186 66472 22672 
24132 96265 19819 20659 26543 58567 95935 99963 715 75249 53288 34684 99326 14210 29375 83016 4249 7147 97649 48984 81838 93067 20246 57536 96275 26106 86467 49293 29892 42358 
22951 68186 19228 27571 44105 69018 63490 52280 34440 88134 30868 51970 61693 92725 96752 59545 90466 18348 24190 14179 175 92463 37628 61871 1384 87354 16567 23745 49175 950 
15969 44534 71000 49703 17104 92858 77593 48719 45415 85707 58529 23840 53675 65450 9911 44599 64458 16143 97867 36074 956 52699 34217 6422 33600 21309 68353 76274 54966 98834 
31804 91491 61189 54497 82246 8509 80976 33910 43627 1046 69177 90516 34687 10266 19588 3707 42042 94395 95737 67855 76907 38041 96826 31158 49309 10000 63484 25235 48244 44454 
83469 96666 10562 67227 55289 15859 19532 43900 9768 52864 45206 99369 11372 71540 93426 49889 14083 84867 11371 47942 46229 47614 8592 18278 86074 21854 78687 89267 50666 86677 
43574 82371 6197 58805 15316 37214 79777 46503 11372 62093 26860 23563 32764 8788 68632 57918 71894 14815 75997 24195 18815 32843 26928 15122 77510 51079 21723 62004 78392 58365 
5095 48819 38511 34551 51174 93072 91803 14162 60527 69171 87053 19350 40977 65522 99112 91511 6252 26853 61440 20089 29684 94504 52375 45630 48679 74989 34926 1821 66079 16430 
23027 81186 22347 12756 51286 49104 98565 78790 2578 35871 32984 43995 8373 2184 81162 89663 40326 30215 53940 38031 17094 94404 48596 43912 74501 36516 79146 51061 76659 75541 
87316 54725 18146 80941 1614 95451 75151 29150 25332 38156 94754 33046 41341 7705 67392 76958 54193 51207 73857 98445 76114 87488 59755 27137 51458 66968 54711 16994 58467 99806 
57048 82435 7395 37627 43211 90804 87480 24986 80827 72324 33650 2416 35669 50458 29177 55846 82520 60310 94227 91176 28403 48481 20871 14436 57182 92610 62841 6771 14878 75746 
22967 73541 58162 22453 3051 54544 65787 5434 71360 39011 24638 31832 98498 29721 64868 23840 46916 96701 81916 76320 40739 11550 99067 17584 76911 1827 22361 29847 56608 43065 
56794 64296 27034 79692 3081 96753 90290 66427 8902 47043 34676 85783 73328 14561 6546 209 25272 68466 41718 9087 6178 10486 84206 1274 89476 6473 46392 66934 24691 70222 
67624 35377 98395 49957 65846 49300 80568 64325 84935 81516 19257 22080 35774 72736 12944 33282 14328 99237 81195 75384 56895 44435 42586 47468 2134 69263 99914 61897 14622 39815 
61892 9756 30715 37323 40116 1953 11197 11546 6941 29340 81398 99302 53202 57561 74931 75933 17286 77669 83703 87175 59542 94511 76992 40811 33585 21071 45858 71506 85855 63398 
14812 69750 55815 88601 49994 39577 58266 47244 59297 65176 76850 58550 90129 2615 42400 63278 1986 16666 2710 63051 36524 51986 8964 38503 16282 94964 76945 97197 50904 86536 
17533 71043 88776 66238 60209 61386 57606 61046 80550 78143 71746 14351 55674 89900 80502 330 42519 65103 48993 39980 61393 47189 97842 60546 81892 15514 56970 84814 18714 84771 
56810 97884 86991 12790 94381 81534 87643 43265 92583 83375 68778 62820 3599 36033 34065 2936 19123 58146 36772 74133 31298 15340 11890 84355 94461 11248 76521 45338 21122 32310 
73532 64784 8368 7147 91120 91169 4759 6565 2605 46792 89590 65130 71294 43891 79754 21159 85936 11085 32294 37380 82285 81755 39721 13822 96932 63131 32351 61024 97460 34864 
59553 1039 98635 89921 87836 84663 50013 93854 11501 93568 86383 81435 15509 42095 32834 56189 39332 76974 19047 38726 6352 66144 4945 74644 16618 14417 67436 30320 95568 76216 
65912 27231 42268 15708 89273 73277 35693 72321 5165 66593 38747 22232 32892 46716 6711 75066 5194 14210 1461 19965 12030 98439 52234 99795 31258 81709 99964 82405 10166 68700 
9511 63351 73007 73933 15860 57491 10710 47037 46271 45611 56567 12212 63285 50862 7280 3209 132 63048 24478 91583 52951 90533 47504 57877 49493 61488 21498 80123 44148 51593 
74600 92754 38913 85052 54075 12479 84255 12306 30051 36604 31642 40833 74654 46017 51342 48765 25335 78030 10760 40179 39905 48375 74228 29617 16346 80135 94169 79550 53483 23675 
38452 11569 45705 62581 59421 12176 57668 80025 15166 51514 51150 77840 2957 78631 37576 47801 59930 23644 14870 69050 66715 96217 32615 70206 31884 63885 45780 40552 22285 30288 
40614 41120 46682 95767 48090 58105 32188 39943 32 55130 40227 82868 11583 89565 64388 31753 46676 93483 28944 34708 33716 37150 19259 42029 76763 65213 1678 9515 94140 20823 
52633 72876 48912 93920 35534 21487 2063 77739 4250 14096 49758 2701 83578 63933 17419 16714 45022 475 38557 80283 49003 19048 74191 96367 49212 63397 49137 17460 4858 85167 
57247 68480 5778 13952 77896 1021 21726 49107 67351 2545 34583 46646 35872 89703 77411 37959 50733 5089 90505 22512 32035 34324 92178 37972 2280 28792 852 82362 78301 41492 
65281 72425 58109 77864 9027 60758 11931 47374 78256 65801 85206 92776 39586 79731 2043 34843 64353 87178 65277 40963 4552 84094 84180 79561 81416 56679 51384 64478 15142 89619 
51621 82165 80939 32379 97322 67169 65296 92550 3130 86907 45382 37921 78457 83585 87803 88866 47941 96648 45165 35963 35114 69542 13943 7632 99935 71366 28231 49382 83474 3645 
1588 34475 13763 40359 80459 54366 69217 84455 94669 98479 5807 94272 13066 19830 53362 47057 91283 18830 56594 57736 5055 72163 75760 8245 51122 84678 66232 67889 90503 58319 
52133 35640 42979 28377 25579 3494 94296 85080 82455 6063 89760 28924 75887 98869 22474 67457 22970 4491 34570 82597 23258 15566 30323 56790 51109 67927 96764 64726 53606 66394 
51795 58126 5808 86371 49482 83802 57537 66611 45690 65915 43621 57753 26323 97148 52672 78047 84747 55298 80722 68312 93314 97224 57915 81099 14672 73265 38543 57407 55608 57127 
68487 84659 23695 93170 11751 39207 44930 15853 15330 49773 38724 40412 98665 54032 19929 95423 76024 84851 57179 82516 21153 36968 14830 33190 99694 84947 71126 13697 55633 41865 
71389 68856 90047 69011 1292 38201 8621 50292 59897 31330 45721 44381 34976 37144 29449 11648 34957 89769 59980 61093 99601 48018 52464 90987 73375 24359 54830 54971 35171 68765 
43216 59413 92141 96407 34304 76341 47172 53882 88816 89665 57622 31945 74029 41751 92554 73237 45369 56903 37409 7551 72081 67918 26118 22370 49149 43148 67068 50221 150 9313 
80472 24855 80638 56464 22330 79745 59623 27290 18740 91443 14755 19222 98548 72578 49527 52594 3705 26338 74413 7905 38069 29879 14301 65433 43640 17532 75509 22939 59709 86911 
81707 48179 28577 49287 20323 55296 85155 55224 40704 87456 94839 94503 48779 90643 67701 36506 19551 18655 12626 27829 49388 2921 83251 24079 83780 58432 97984 61579 23761 4672 
91775 49296 96271 2691 54379 42111 75269 3334 14816 99847 90841 23282 82877 97113 88037 58380 87659 75972 1726 4449 65961 18550 97356 43131 12364 39226 95549 57478 91903 51116 
39895 395 53967 95350 61873 90799 82841 82948 69379 73345 46544 28979 85725 19924 74083 96149 678 68919 36416 31301 18171 19148 20693 94936 82962 45631 64674 69561 49458 55462 
48614 60968 87115 37106 2650 68018 72051 31530 97052 84645 95570 93793 98236 3450 76216 16747 79065 40092 63895 47290 80446 76065 79423 99743 95104 98565 76058 98079 58007 49687 
6935 39850 56059 8963 75584 8644 3928 3589 1174 62792 16321 68155 18764 48788 85095 83461 43698 40274 42143 55283 96582 41316 12786 54924 62351 56071 38136 63749 92672 25190 
29012 71933 97611 78923 86569 98161 30386 17109 59560 25159 2851 51813 45196 89654 53660 16477 4144 35779 8444 8298 33455 10645 83962 48761 45536 56130 52654 68691 47688 63012 
41352 61803 87812 78923 33574 7100 88399 72177 30315 9386 67604 83816 27437 9466 17551 40650 27601 90913 98845 13716 19505 98170 50920 49701 19351 71894 63085 3340 15072 90174 
52589 17362 13255 75891 94034 15321 71980 75662 61292 52745 45106 8997 10016 67457 10006 79222 49450 28309 68542 17078 64419 90337 85798 76166 95493 87564 54282 49910 38590 58173 
66388 73783 89039 6868 55269 20619 67956 90731 10965 3745 68174 51429 24288 32684 36230 7262 56406 8864 43108 72486 45713 78833 82496 11275 76747 23268 66942 40960 95315 62119 
82771 98719 41862 10160 38390 16167 82317 64432 80389 33186 84810 29616 59887 98217 37370 87997 16145 50047 51811 64909 48824 58331 59516 96425 37709 96144 91816 18659 47166 51002 
54830 96239 2050 38268 63446 56031 90695 46553 14236 56913 24838 76768 28465 22077 63557 20814 52192 43785 33026 57985 9494 74376 97589 27817 34902 32145 29764 52664 3964 47135 
59516 5714 37262 33770 23030 84219 47940 84995 6763 22654 48207 36934 59257 74637 51822 6145 85431 84931 50811 4214 42322 86997 26468 53595 85068 70569 31040 42364 31503 53229 
33614 82596 42211 5546 942 92404 26527 64454 38841 97538 1362 60466 78196 10699 83438 28467 23948 56771 51055 86840 89756 36368 34815 40738 86940 15823 83120 9513 40006 64824 
57116 81624 98910 59885 12724 66816 44557 9884 66938 99962 64536 64175 98862 78112 90344 28779 15196 39131 93015 90008 41256 95959 16811 46639 46048 29922 2115 66307 67456 67766 
15895 54748 72433 73053 48961 10918 89461 66464 39927 10427 4152 8278 27587 41995 90470 76421 83349 71045 83763 8893 26945 56058 27760 61359 1711 65357 26547 7294 2189 45570 
53253 41572 20523 53980 15445 58784 14459 8127 35363 9108 68713 56710 97947 29772 48053 82491 26182 39365 78494 67181 57045 21963 37754 81369 66483 40796 68075 56758 33354 92371 
76033 70447 91509 8734 47558 95130 15438 86599 272 49044 6221 86843 35626 2854 40226 18434 5388 20243 97424 51842 15963 66288 30991 66519 48954 90480 12935 38412 61024 67346 
29026 75749 30212 66991 67338 71374 95981 69630 15258 31403 86251 29727 87428 24559 50810 9566 85199 79984 37919 24045 16440 67615 17792 50293 78629 64428 2454 9766 19683 30636 
89183 35002 65663 98027 14 75406 16558 48913 18750 61553 89167 2528 66060 11161 1866 81636 79516 82673 11740 43466 8093 75950 80111 39314 57219 80509 15595 63972 89601 54169 
71763 55475 67925 12325 93030 84094 2091 31887 64872 2668 44756 70315 10194 15989 24567 45181 85295 58323 33683 36173 77450 43159 22917 40640 41538 89552 14506 33509 61519 27974 
70307 93181 94632 77469 61410 23604 39178 24680 53960 24874 62741 76361 56015 85868 3770 13697 95959 87528 99822 69230 9587 50818 18212 73289 86875 83473 49874 16705 94102 60731 
13908 36122 91980 57336 96056 15266 97613 5037 29595 17733 43590 53319 6772 83021 72832 74370 17313 58169 59347 10342 46947 93086 32007 82747 84605 84468 15540 3870 18003 52892 
86022 82210 40663 10482 89344 39861 85346 2749 52064 51849 74703 65876 71393 19904 7638 71786 31259 26255 4371 28632 41175 47382 58935 3115 34793 90803 504 63831 56058 99883 
6559 73311 54011 28954 6077 92506 19945 11819 82841 97327 21947 12026 103 5186 96094 75693 74104 67779 7459 44612 9017 9075 75223 4073 18013 16326 60583 39696 62579 21580 
38859 69540 51530 89441 81574 59399 23327 6667 21232 86714 71984 34932 32334 64022 25700 6924 87150 24853 67691 61931 96015 78753 76400 173 84239 26123 8419 78191 29925 695 
15714 50645 1117 46469 7494 35861 2907 36094 15022 40626 15054 84751 93775 30662 22823 14323 39417 89272 40878 47303 10345 30414 46048 12433 2488 70703 89655 63482 70957 1094 
68113 68214 63358 18899 53245 52901 73572 3204 44921 97459 91969 88038 33705 73285 19317 27158 88318 17416 40203 51366 98872 2284 99373 22484 41231 17858 54113 62023 73443 46152 
5688 72537 87612 84437 39420 83661 82872 51601 60082 58616 55691 91042 88333 21651 62078 31980 79349 25934 2763 68517 75963 35852 71151 26642 78102 61599 49320 57943 23442 801 
58413 28866 39154 67828 25166 83229 48461 28996 78114 79865 94486 44674 83148 12384 17825 47392 85641 78018 35734 6368 95475 25763 99984 11298 89073 3076 67275 25020 49809 42217 
5326 51849 76877 23066 90342 56844 78814 38621 15602 60718 6213 64075 76220 54428 88878 35522 27053 52139 82473 59037 98978 30554 50422 43737 84855 67230 73685 31803 30790 39781 
12658 1503 88902 91966 30412 18447 63449 57475 21627 46426 77503 3798 98033 87604 57074 90602 24158 39701 99444 28248 9951 98154 51921 44191 88801 22708 38403 27652 6592 73012 
59120 74672 59707 94160 59909 15941 57016 73074 88135 24001 88209 27735 21053 20258 84287 36805 39305 57332 19876 95292 54623 82170 23825 46816 72139 31827 71513 32794 18170 17339 
86097 46222 15715 35539 14518 6303 16374 63697 89921 44401 27257 48121 91260 6801 54681 48709 11296 49165 22801 69355 68096 53762 90267 55501 36363 88851 75563 3872 88313 51808 
93347 79348 32801 63092 39085 39886 56957 70769 28066 5254 13374 26943 5719 94444 20233 35707 37159 5554 35307 37845 13553 25824 4238 98612 46346 60091 67557 31280 16180 33081 
92462 98861 84179 71859 49111 93002 85672 97169 27137 63510 95034 80986 35476 56528 35895 78412 62716 91778 21214 67953 56151 37994 81507 60587 9987 77220 5420 17287 20015 33018 
35546 66452 98972 80999 24105 2898 59950 43456 36281 99040 42813 36435 33737 83757 56049 38202 44427 43619 86874 681 98479 33410 74589 9801 52070 10746 12021 37072 63767 1636 
30932 89242 25737 21835 35193 53177 46636 15610 54724 40880 38568 18315 22318 37027 5896 10992 34986 12032 45854 78058 73488 97075 26153 77886 1613 65586 90507 18975 49665 46771 
66872 65644 8134 57638 82159 52183 96931 66395 863 91357 65242 4897 33489 21272 42634 63367 91880 78817 93661 13313 50248 43767 82803 12990 29977 47926 70731 45378 55563 36076 
677 18796 66472 43276 86754 715 23448 98573 64058 50169 3142 48793 37683 75990 36318 31641 85620 19566 1688 94558 81003 65171 45339 69152 86999 37375 63285 78942 49453 57834 
22444 17863 21557 12270 30061 44397 25102 59987 6796 9474 12632 85567 46374 59184 72443 31742 34678 49577 14945 5643 12607 12764 92642 26817 46277 2105 3097 67151 50551 58504 
73504 91535 56789 73915 21181 9610 67190 56554 4754 5069 88432 1400 14966 42863 42458 33660 83793 68501 8696 47576 34642 25482 67564 82101 50260 48174 89667 43713 6835 52210 
5664 86073 34385 69984 48499 12884 10183 57251 62636 6268 33669 73271 70605 15648 9556 73580 46919 86752 31387 53832 26548 18466 66257 85191 40257 35332 37757 44773 40845 27823 
2004 91497 78500 1472 88442 91267 52993 5581 24803 31546 55308 17407 61949 10352 2040 6830 18531 56030 67278 61827 9872 49680 1410 24065 469 60379 54384 18014 56486 60738 
87392 95034 20974 79081 82640 5907 61076 55570 54692 21671 65707 77538 52818 91671 45261 47745 41174 61488 16086 82372 56395 88250 51157 93200 58090 34133 28925 20321 44513 69448 
58191 67217 27685 33183 99861 48780 70006 90763 24898 90892 84635 29088 24844 5781 62903 18887 31602 8828 50001 87989 17803 69085 36499 80592 72802 8909 18601 51026 20045 19077 
50621 3048 69136 42957 97875 49510 38624 39609 30908 85846 71090 64619 93385 89425 462 70278 17777 60672 87931 69047 92030 93179 65014 7437 84001 36401 82380 25277 51685 3792 
55021 46951 78898 8277 35902 87351 65568 78935 77429 1836 63515 48933 19202 75791 39373 17317 21990 71587 89668 36147 62703 24497 1004 57162 88888 54447 69491 93688 87496 4499 
23316 27764 61572 3898 42167 18624 16621 91140 89213 30719 34163 24913 55694 58791 84161 41765 66629 41271 49793 66384 35475 87758 21459 57439 9014 30835 31841 24810 65637 51948 
29980 98169 11422 8761 36838 16348 58542 55204 13384 15029 59725 39616 81801 99027 55711 76127 22267 9763 1572 88948 26774 75478 60349 52019 34393 3904 95804 63547 26740 24392 
32586 33736 75427 63100 41990 54234 57701 70182 4138 18406 44313 53191 36904 64227 36738 70660 57393 48621 61899 92886 93931 54760 13118 62025 24882 87400 71795 92342 83288 41848 
9235 10606 16643 2402 77362 96597 39853 44541 20403 72897 15797 48285 24809 1133 59480 44592 75339 18050 54159 842 5022 8873 67287 56617 80199 7357 80409 17776 70197 18359 
67101 14423 86625 27217 10253 18023 29768 36086 10930 15216 42783 57177 27957 3323 64624 61592 17353 9495 79432 42642 55364 11607 8217 27618 29310 64713 56461 61109 13426 69688 
26822 77967 89458 81535 77864 51182 11169 94116 56353 1984 74610 70359 26530 7663 31323 61694 69959 98622 94137 81737 90772 51211 30240 71902 29112 81305 50750 93117 23528 52073 
53346 79359 95019 53258 12974 37461 56667 78994 86296 9298 93072 37388 31455 17798 83884 53835 11561 66539 17066 20362 37404 15437 89532 12760 9215 1017 21882 67070 94302 41088 
51587 84526 84255 87167 72264 87248 59881 49767 78754 35277 40455 24385 16337 34776 78239 92114 66852 55689 52655 70762 51567 6087 78396 40209 11980 33038 1391 83046 67857 39947 
57503 67972 54202 57170 26795 92708 6362 9954 21205 79611 78977 31815 10588 29023 34949 45931 93984 8995 71585 78043 8110 20906 80569 50094 55627 64009 45222 52547 25560 59586 
99071 64918 89570 41679 18633 7801 95743 15761 24820 30535 94660 19059 64799 7117 98906 35237 62950 10119 44357 89676 68040 85510 49988 38715 39438 91782 73159 93520 53594 58543 
21390 32548 28800 36747 13967 78247 56211 2623 66256 87049 91575 86966 27888 39556 72950 75468 99140 44116 30298 69898 80834 719 59740 90076 49467 79236 17465 19268 20191 94477 
34034 91016 74606 87860 2805 86006 86364 23399 15204 78107 11772 510 69194 96441 11650 85383 39888 1795 53328 58593 88183 95973 66798 60491 95651 63158 69048 16964 40670 2367 
88056 30735 12788 9839 9911 21339 17675 90828 36817 91890 8612 12007 73427 25791 89581 74373 49348 62773 61814 23167 66473 98635 26004 7744 60064 9916 20383 53975 90723 45192 
38932 35431 24117 60565 33343 16879 48490 97831 27280 98800 71966 87691 83861 45841 56273 53048 3941 14342 99721 27596 15044 16415 99540 48998 18377 1537 20241 3401 77674 25649 
67438 5183 42507 74724 88690 46519 89650 64902 13221 41526 83754 78089 72367 20529 17555 28054 73508 59208 54051 88982 5096 67461 32663 91999 71207 53397 18363 81992 49418 13623 
36483 5848 87749 41127 69391 61828 66241 67673 13381 60139 15043 87019 86064 48284 55563 97310 52403 54290 16972 90409 82061 80353 49074 82166 28318 45514 56508 93430 20743 79879 
74488 93246 53344 49396 61459 19862 46961 64423 33103 98992 42938 35318 38496 40992 48987 12856 12877 38361 59450 2383 16441 22850 45082 26110 97511 36724 82490 38790 75981 9056 
6040 6086 93502 26808 17751 93384 33419 20157 61482 20493 19534 68005 88021 93917 62418 77562 13933 8848 91760 39140 61315 82532 96518 31546 21796 3304 64941 17655 43100 76616 
9912 17780 41223 62265 88622 98454 7742 27524 29659 84895 72768 68445 5937 23516 27291 39634 31840 82865 92382 51319 21148 62248 56285 57088 97579 83185 66739 67903 94989 34942 
22737 59071 30523 49712 23388 68164 47301 99742 16875 13280 21985 70282 33728 19135 26700 94178 34511 78899 20068 69585 9279 24756 84037 75722 54032 80533 85141 69125 67161 56882 
4247 23859 89227 44513 70063 80045 28834 26917 51832 98458 56890 1445 88362 53562 70370 51344 88402 78890 2802 69178 71239 5314 69089 55754 44847 99764 63781 1240 53628 84601 
54350 63366 80973 21180 29004 11662 33189 89925 54584 98885 25555 60165 44304 22994 98772 74974 23588 75173 54281 63893 71576 50471 22211 34150 86708 85163 71837 73263 58353 77236 
62058 4259 10987 64422 74304 59970 57117 39890 36682 89231 6861 47661 62490 37147 67763 55306 49348 75085 86381 332 90108 11885 69641 85033 33174 35688 21413 12643 14146 76129 
12434 91424 35380 90459 49378 12286 79361 36096 67554 96766 7768 34626 55932 41591 57782 4211 25946 75462 8086 35651 69446 19175 16832 1581 90530 14820 91118 9986 61097 25028 
30055 66402 52815 18571 9438 97825 51675 2798 56400 40806 47366 6185 60913 90735 64644 6708 98310 12793 84355 16676 47866 24550 65541 40205 792 68868 25299 65394 72862 7804 
17419 36882 57103 160 70904 70269 43777 47018 89416 19998 45954 3060 59312 95229 24055 96923 21705 64680 35969 87320 68502 60801 90921 8944 45839 40805 89927 10408 2179 4031 
84308 53342 39894 34324 98508 51183 17649 5346 82939 38576 83283 95792 6203 40231 81010 76465 68619 91709 52639 3917 73453 43866 76497 324 22888 96488 26279 53298 68866 88174 
2965 950 12226 18443 73139 48607 24527 4072 15643 23529 17628 96710 38613 75640 78390 92890 1298 17563 34663 97213 28957 89908 10933 65906 26407 13188 38880 63418 61956 15829 
73574 91332 1365 72506 76161 93445 81653 87445 77489 24705 78555 29638 11344 67650 9209 19671 74450 44752 15003 98752 80573 81219 72731 87637 19304 71948 89781 19505 86933 66677 
11113 2869 37421 32273 77136 5668 9612 21648 23204 11807 87689 29055 40931 98336 20201 85976 29592 5448 71225 38889 97686 3794 2365 47746 75762 11825 22206 58276 79668 64104 
62225 31513 21977 52649 13087 52655 97169 27590 22153 181 69487 77986 67885 62147 68270 69700 27061 99455 37167 37838 61653 63995 7146 80299 97827 54801 6664 50598 31071 22633 
70555 94635 81413 9387 68271 9351 48950 40536 66923 65236 70741 20210 59464 95575 67084 43727 56878 10557 79101 26503 92453 6381 6856 92299 99093 70267 76152 22870 42015 53556 
5594 59790 77210 86328 19127 55212 179 80009 18184 8432 8759 51713 64999 55 50875 62350 57719 30395 87544 39400 3479 15035 21779 81874 20804 8144 10402 14538 67302 82833 
98053 67273 91759 36692 42402 59787 1896 10533 32835 80261 40898 18776 4926 89595 68848 59325 85367 66700 57469 24 43506 61478 65457 51612 99272 11326 75022 26145 35621 32634 
2209 44511 37662 42359 43469 44310 34597 18537 2093 20905 41744 73634 50950 35758 20858 11675 78949 5984 6750 98145 90848 81279 65545 82434 40884 87831 54932 48957 16968 87935 
14652 42115 97480 58555 65597 53951 4102 49933 50360 73945 98385 27710 36470 78592 31354 35251 99125 47348 28249 56011 12230 82654 83141 16099 79057 38889 6564 44579 88147 76648 
3493 59978 40804 74812 826 51215 88869 44936 83861 32594 8143 13490 50313 78284 63605 33160 24949 6971 89896 26966 91392 73832 75583 74815 32529 56825 16147 85873 73816 70818 
30431 40704 39795 34664 57197 92214 28690 64764 84573 98834 98932 89361 52109 55555 83419 25970 43655 98414 76006 40984 88578 6751 82268 65218 68669 88224 30667 64945 85164 7642 
27874 80251 19762 75803 36614 52544 85108 92930 79477 34136 84480 97386 16089 28435 93824 37479 90601 12821 42914 33842 59659 77246 75047 74585 26390 2852 36583 32871 77982 35590 
48850 58771 10012 67196 38712 1644 53712 90116 54697 55903 968 52669 73224 98182 45661 36921 62394 70665 54528 17728 54028 41112 51898 67582 77847 32463 69576 47882 85484 6379 
59679 95606 48003 90449 63236 7856 51719 88817 25778 12336 12766 76994 62508 26992 36269 36508 79413 20886 81025 36537 40712 73945 47423 78648 88585 41674 63829 10784 40714 79104 
33887 68336 99900 86868 28086 30206 17364 10553 18658 10075 91800 22308 36718 69928 62176 66958 29349 5646 26776 10498 70296 31876 44369 44625 73654 36531 627 97447 57817 56512 
28194 54331 97348 98807 81818 6371 37293 26519 37153 84989 46562 77271 59551 50499 7121 54332 31686 37920 78282 23745 61854 27620 23681 39112 25155 98565 31568 21156 42161 6663 
54478 51314 55352 98462 54761 4323 51549 88044 46840 87395 60824 85669 64512 36532 53309 66570 32685 37103 4503 69461 61951 94882 17703 28760 9696 22025 55428 25870 33062 4997 
33180 15502 86586 89001 7717 93439 27408 53605 16851 77167 39536 2941 26401 14219 9906 64620 7432 99307 21680 90218 95058 63086 56009 5225 14917 53189 34396 48291 49137 88589 
40901 31867 22901 11416 89541 86467 44806 73033 20606 48084 15567 7189 21341 53177 55450 74855 41988 98266 3303 48052 10835 22732 74131 46566 53818 16844 58004 54093 44217 6 
6982 45567 98830 87262 68927 96103 72701 41723 63898 62201 3171 25230 49773 42217 89123 55925 91032 89998 27770 96465 54087 48106 41679 77723 1614 28839 65088 35767 55497 57051 
49370 76404 98441 82533 10432 18000 1383 90827 15753 94286 86457 83952 62194 5019 85638 88640 85358 49405 89502 87189 28672 54277 56752 37885 55508 29184 97390 69292 47795 13816 
13085 41167 46299 80457 63165 49906 82190 86912 38162 48580 37992 36250 39595 84078 33182 33324 70899 37579 89150 4238 7967 74730 37738 69610 7467 14781 77101 84193 33007 62971 
56374 54480 16624 64257 65909 7204 85794 49738 23869 16754 2529 58431 86945 24372 59572 61629 94934 89253 77963 79898 55283 53518 72898 40122 11381 3146 44706 79245 45339 28175 
15552 26600 21419 98888 10713 66778 44771 48588 97523 38162 46308 88275 64401 52613 87509 12883 17222 21312 9357 83043 27328 39092 63468 68085 54226 2458 94294 94796 34746 17875 
31223 12512 75490 14544 53346 73069 1649 71948 33683 71387 45137 34580 879 2082 399 74330 22116 61100 50977 64003 36617 58904 52676 39183 4104 29780 85873 60979 26375 51785 
83433 5763 6311 28448 32468 17085 9828 56542 58120 96084 56388 93630 24942 34053 33734 90148 34234 19286 86502 72780 14241 87767 28559 83379 72153 19744 80970 98018 28815 14652 
98372 1322 29189 14446 85458 56046 21860 72306 29975 24167 95423 75180 3790 10903 21286 38650 21207 24075 40356 69100 11443 2177 7472 21999 37119 36822 98148 30985 46745 16388 
93999 39442 88406 27659 33277 74705 9341 49727 63666 34164 18254 71818 53267 93856 39955 16333 30138 55419 98052 61740 81417 44203 15761 20898 45464 34496 65960 76391 91827 38991 
80975 38967 95652 14622 21049 59424 99161 48572 69905 5369 31237 94722 95565 4124 16565 89782 98183 61994 23887 99634 13355 43209 46073 87952 87897 16604 18309 89729 39340 87775 
50411 97167 69747 98680 65254 64249 63551 28229 19060 10048 77514 84063 81735 5966 98138 6736 70650 61023 1505 74979 67227 56270 76121 23248 76343 86820 61752 79542 58909 60683 
66915 73412 97716 71990 44125 9504 31390 41416 96708 41172 31861 44948 27924 53107 90413 35728 61996 89143 63200 41148 9387 79572 94338 36334 91963 73254 75608 8144 24679 50012 
20909 78749 83853 91980 4698 24938 4589 43346 66411 92197 60725 20785 47757 75733 38415 76910 29155 3771 86855 10261 93458 37121 22287 5519 54049 69518 63254 3713 59915 83290 
75923 76803 32561 80298 29262 30111 85096 70089 65706 2213 10161 91180 59992 17380 45046 38958 86931 48195 49045 59810 61293 9238 63005 70347 62142 24611 17856 57644 55093 17103 
59977 94991 82463 87260 42278 71030 57231 52858 85115 55886 96586 94168 30459 20272 4788 63757 93756 8689 94317 34710 37291 45920 74842 79315 75940 73592 59199 19306 89609 31542 
61940 85474 81597 66255 36018 49905 86124 68263 77544 66346 92714 82491 48692 10893 91978 52755 39582 32407 92080 83465 11868 34855 93210 32840 58690 86902 80206 21363 31464 45736 
40182 67621 44079 14256 62161 37609 50922 76717 4378 12644 64357 81211 51140 54687 94123 25404 18413 26344 13216 80087 3070 97544 98412 87670 25256 11643 28748 94479 5395 10504 
36157 46670 70149 29224 52908 83943 7960 78335 26245 49179 96479 12109 11158 90573 18854 4545 3616 27162 76857 59840 32332 58855 87156 43673 15261 37662 16375 1188 86319 73328 
39947 61717 345 75916 31176 33611 25277 64249 12525 56234 68262 77650 92628 34210 13189 11239 39079 36820 23823 65602 87974 64536 2439 61410 53884 59563 88000 29517 14281 71435 
63121 56809 80288 41776 45601 26161 9470 44155 69235 33874 12839 6071 20466 68982 25054 5110 4697 92272 6645 77727 67214 60584 77183 89527 6638 3199 3239 13945 3763 14349 
52072 80120 4543 7334 72891 8660 79454 43264 78431 21058 75857 5432 3062 37536 75905 54465 53804 89024 53796 43841 76955 8767 94987 91053 64258 55205 36402 73555 22510 89671 
54354 36737 33960 86213 15372 86650 5602 22500 70412 11466 40303 24222 27924 29642 74515 93968 10479 86048 75787 92145 74568 88843 76162 7086 64247 59660 36584 49978 27009 55815 
57925 99692 95944 46491 30791 33883 80691 58786 23460 8910 85810 71840 88387 25312 45678 38183 77224 75046 94550 19646 76046 12318 56444 76906 68612 34065 42501 12905 78437 76349 
48953 69762 18275 87111 32802 43341 33920 64084 33628 7166 42996 69100 12718 31744 42061 95155 97886 51805 57147 17616 88868 1440 30645 29111 44406 8217 45449 50364 76922 97922 
18635 68591 77413 91737 70132 72864 64105 30061 62911 46837 8894 57370 55933 89322 38209 83835 10657 37831 6666 87754 20434 45656 39317 66177 92946 37069 34516 66275 51289 54236 
62597 24412 55561 80483 29756 44380 87422 16223 42570 32960 16080 23453 32108 15347 66825 66038 25496 64316 43634 86889 44398 84956 65220 29228 24423 47127 92141 81791 42044 37729 
15159 21148 15410 25485 38033 35985 42045 38610 66884 62098 24640 80175 46134 91087 16877 32289 80530 69055 44597 84758 31316 94200 59661 83213 76881 86260 36152 31106 58483 61382 
59969 54833 97756 29394 58860 32531 99454 15396 32908 87698 93544 12457 95081 15372 20436 58905 8454 73850 94096 84566 90444 51893 65822 94427 51223 36560 89648 52812 85074 83087 
34584 89761 69366 81792 36739 20102 36148 1296 99546 66604 89819 1619 93987 2001 7546 81220 89319 62822 66775 70180 13300 23690 49754 74150 92939 24330 99152 15752 48376 477 
97448 55021 96457 92550 54362 64221 4600 6636 98878 28586 64774 85146 16253 72957 12695 3447 60007 5881 37232 20409 24878 25001 88748 65704 12132 67940 81000 42053 37733 81702 
61262 10684 36569 1150 83216 58231 35274 61593 1357 62989 80796 561 28659 89839 54246 90475 63457 59328 10851 61945 91396 31760 50132 55465 43320 65235 44752 96172 81973 86538 
10611 97306 56676 58239 84799 36135 28676 30705 82700 89685 89562 42510 31834 28027 40101 29965 32264 51750 78566 83657 1436 45734 29236 50069 95442 18709 78205 4260 37702 95935 
25770 61179 10139 92779 30496 59095 40590 32107 44274 16413 52904 47674 41417 32315 62257 26464 17647 71854 68410 65289 1075 93261 76820 33250 60177 23015 16934 86282 35220 25205 
64725 47167 20775 51697 31064 98628 37133 11412 84509 6115 70880 97308 76075 86692 76535 66693 54465 50283 60026 91649 50077 21219 46594 66479 48933 7852 55420 65730 50081 81887 
27618 74543 88174 84118 12272 40995 42446 69634 21202 45898 43875 34341 34814 13357 92923 29204 2578 53173 93046 19147 53226 71455 83195 96043 57600 81066 97540 27435 40557 98127 
40884 61962 95427 41284 89883 10559 32722 63120 11385 67386 94491 83269 3812 77373 26899 17033 5791 94686 7371 22708 79226 2134 88608 16872 40976 24084 5637 6268 86008 4521 
96875 24413 34771 68998 33832 10574 1931 75875 9104 84025 35613 80640 20497 59356 38443 16149 91949 30367 96772 71091 7127 94824 66679 15354 15404 56121 73924 87369 38322 90296 
93895 58018 10738 50704 86992 65863 26670 30991 82025 45304 86816 2483 93779 87585 53102 36922 79652 37238 24239 87198 78650 25514 63651 50188 41175 69737 65795 16109 26917 41706 
24031 97590 64684 68924 41943 37669 50760 10428 61767 92964 80411 92432 51743 15476 43120 66161 25333 80244 61361 43432 16416 58591 50763 6401 98251 17858 64476 45137 8400 81719 
24507 39550 37443 12000 40230 29315 48031 98229 41072 55484 49070 591 18595 97402 6802 10713 66453 47752 57344 98129 75904 62553 53521 45317 75984 4787 47960 99938 78961 90059 
34419 68994 81459 28688 9175 34705 48863 31954 42830 99343 30668 7146 71618 39699 5558 47801 30226 80233 60580 9590 50950 18423 64353 36812 47580 96591 28692 65532 32896 12029 
80482 58562 34319 68673 28654 4703 50496 83699 18784 38711 40529 67702 142 71605 21998 36833 95833 6310 20256 16043 82430 66367 6437 74055 59463 10571 30034 61203 44466 85018 
83044 31901 68387 79456 4879 90089 34467 97052 90280 37704 67251 87071 9550 65798 29299 89045 67824 15275 56359 40902 83164 49254 28352 42889 26159 6950 92219 2141 46805 92136 
43513 18047 67154 49495 32751 39804 4577 68356 24325 19361 1524 45279 68248 41520 49128 83182 8704 70505 42848 4259 54231 74652 45864 47183 27543 57992 46781 8461 78673 4730 
44804 27845 4309 75654 16146 22803 4573 2992 11613 98132 33990 84832 23268 39435 58594 45821 46014 17698 51865 44864 63368 83433 93753 23067 45568 97768 39246 63352 15729 97858 
58327 82240 28392 18764 25762 74839 42576 58275 44225 78391 80923 64601 20624 84664 12132 367 56338 67265 61243 96195 85268 81351 51184 96144 40003 27943 62653 89388 78435 49042 
71926 70470 32523 63241 99971 34268 85235 8473 62155 69900 27633 27218 43802 65474 80529 81472 91192 65644 13572 49858 53687 68713 15051 8650 26007 90113 27342 86892 42061 23924 
42714 23639 64312 69623 41670 39011 47537 64694 27259 94292 76517 36016 9481 67121 11980 55788 10721 82894 73145 55334 1755 94163 24702 67546 73992 10658 83849 95636 84450 42938 
1295 90399 44432 34734 10722 69182 72637 19652 64829 95937 22947 40594 36161 73735 94568 92953 30064 76661 54518 81694 51752 82900 93423 25021 45958 65190 43970 87937 86968 20855 
1110 55834 14478 93425 89216 68830 68901 33331 13207 77736 17311 14106 79021 51010 53195 26140 46564 34913 68686 38116 4893 14977 77812 27901 71197 834 6863 23006 8743 54885 
65927 86918 25970 52365 70580 65631 27578 23772 23225 81099 27988 21768 29498 75394 49510 26026 86361 3142 78865 87452 95170 47880 59222 86924 22762 51178 88239 52599 31426 29113 
12687 87961 19609 52986 90171 95514 73380 3973 12984 68944 21054 14873 79361 12709 18521 37295 11495 47557 79183 63449 82919 66932 53561 13171 90636 60029 77634 98686 92299 76189 
3379 51842 29229 17998 65383 67802 22732 95264 35785 67984 12556 66158 36763 53625 74816 99030 27343 27662 16166 31290 35241 64135 82769 47920 42460 82335 33856 4460 16795 16097 
84216 67670 31176 57631 82519 67860 56124 31299 89843 74866 1038 85900 8332 40060 83795 14604 58096 47997 46908 77108 83960 78199 13378 42385 65258 55362 49407 91853 38657 88288 
85482 4302 29296 10979 34113 54317 19528 96107 70886 58128 