23575 4382 6952 7279 20398 8473 12201 23091 3195 15156 1159 22983 5553 16217 7569 3551 18191 18948 19491 17074 1980 191 6061 10618 2939 3897 6194 18697 22802 13969 
24735 8243 6316 23573 10847 7332 12194 8078 1152 10718 421 850 8427 17500 20879 22777 5663 15356 23760 1917 3738 19758 286 1349 10188 3091 22311 6836 22716 9613 
7075 24724 18555 6431 1690 7651 1998 13467 9862 12571 8312 2028 23549 2330 5039 12764 12122 3869 4196 4045 8067 19311 21846 20621 20214 15795 1025 11233 16461 4286 
18949 23366 4993 12972 8477 16423 12752 18595 23563 10801 3846 2452 2078 16225 13922 1360 11606 21043 8585 1007 24488 22652 586 15748 5547 15166 823 4060 10884 13208 
8763 9693 17551 11191 6721 13082 2897 13900 16387 5364 9871 10898 17725 6433 22892 22135 16722 2726 17003 22428 10651 12171 13653 21944 10116 2401 20224 17534 24556 24854 
16843 21426 2330 9577 98 20869 8780 20431 6204 3874 18983 22934 24301 21976 19236 22370 2764 8226 14590 17763 12410 1568 247 11039 1153 591 13278 19965 17202 3105 
5115 21636 3894 1640 1609 24646 7757 5145 9911 5276 15864 12853 21564 9293 9607 8096 21468 15440 20570 4248 2040 4992 3602 3115 21723 3315 16119 804 10063 9020 
7097 21637 6496 8843 17703 18849 12028 21133 3352 3202 16679 11977 14078 7156 11557 9493 22551 11245 24265 8943 12851 4764 19625 10533 11275 10962 12161 15167 20994 5434 
16482 23121 19976 7626 13060 11384 11988 17503 8083 3613 20088 18240 9472 21267 8353 9980 16818 24782 22912 8481 14311 9694 270 13040 16691 2794 1545 23728 1072 22165 
495 16222 3770 1278 16464 3485 13921 15648 21182 5697 7757 6058 15700 19555 24021 16680 21704 21667 1426 22973 7115 3127 1050 17597 24948 19912 20098 14350 11740 12918 
11414 24804 20878 12445 89 19502 1227 23501 10147 2382 24940 7291 16271 10461 13547 6446 22306 14407 6793 1598 11752 133 10113 8239 12492 23206 16417 24763 11774 11872 
21047 80 17507 1967 4538 9248 6177 6988 5434 15333 10156 20174 4675 17927 4419 4051 753 18406 15782 19893 404 7756 21656 21090 6519 21240 3113 9675 3522 21091 
22331 17205 11453 9795 22135 15336 11329 17423 18107 8731 19690 5446 19470 6106 17863 22604 24155 17499 12485 5851 5396 7612 9581 17346 17636 8173 5326 9616 16753 2500 
14044 6085 22666 24350 2964 3186 19663 2425 2600 8310 18329 23038 2898 155 16607 4024 18252 12177 3048 11059 2417 9048 12382 6364 6269 13557 16439 15040 24289 9472 
14493 23783 21465 10982 1795 10274 18392 21663 14995 203 7021 18710 2161 11529 22991 6697 21659 11771 21067 13495 10754 10396 20142 18257 12071 19689 14463 2163 14902 24572 
20817 3488 223 18992 23414 4029 7158 13527 15148 17438 22122 3739 23655 5630 11525 5499 11751 15144 23796 4634 17399 19108 8870 13689 21912 15857 6866 7663 11465 16824 
5027 9530 16922 9637 15861 12844 6668 15748 21476 24134 4545 4554 4022 23554 17811 13888 1760 16032 1035 595 24694 20788 20725 13803 23740 1862 16110 1967 9032 8960 
14820 8924 22457 358 6535 19252 4927 9029 13866 1894 21841 2753 2754 9909 21278 7993 13381 7989 13049 15497 8866 23686 8605 8261 4568 4249 5416 3815 17752 24022 
15693 10980 18457 2923 2827 18589 324 9688 7538 19634 13499 4139 6406 23305 10821 23863 10811 21603 22693 5782 10035 3907 12652 10940 11914 624 2619 14790 21535 10641 
17069 8816 9375 4007 4641 23438 603 23647 9559 9874 11641 80 14422 8881 8300 11803 7508 1678 15553 9572 20767 17401 23367 16703 5576 3741 7214 8817 7679 21631 
17621 3270 15548 8086 955 5634 2530 7332 6523 23409 6031 1534 24750 23210 21563 6903 17891 19677 16535 14654 24718 4621 5067 22113 195 15416 5865 7534 3470 20844 
6112 21318 18780 8716 11533 1978 6190 12807 18967 8135 19803 4367 16367 21413 0 5140 2363 16731 16365 18682 9573 5713 15814 21852 20608 12828 11516 6638 4853 1014 
11907 14730 4361 22889 3679 19851 4658 24247 19 8231 11284 4494 24652 14932 10292 17529 6826 10933 5266 10478 5385 1480 17561 9201 4771 10942 2540 3884 24397 23612 
23100 17723 6265 19227 2076 23614 709 2995 20232 18107 17989 4119 18202 15731 4063 16984 10352 4327 12263 22982 16054 8698 6020 19013 20572 8817 22061 12394 12141 22792 
12929 2872 3480 7526 22670 18752 22023 19167 2989 23355 11998 8704 22502 17190 9586 11485 4132 11325 1540 2431 21078 7072 12913 24242 8514 652 24882 17773 3911 19677 
6757 6251 16679 19225 1188 2860 871 12100 21221 4152 22487 11244 12845 21509 15860 3936 22896 21421 21512 1103 5167 8597 6205 13514 10983 4205 13144 19619 12294 20028 
17502 17609 20870 11371 15897 17052 68 20141 19441 12390 10587 22328 9478 21179 16955 18731 1559 10708 5023 18219 2660 22140 22653 10471 19168 19762 19585 19947 16209 14234 
19343 1135 751 10954 20269 2886 13718 21457 10128 19799 5332 716 22753 1032 20349 360 13914 4162 12573 6521 22938 11738 16540 7867 13044 18947 19751 1675 24139 1488 
23850 2705 17586 13940 22622 6286 10747 23246 15796 206 13417 10185 16762 8011 9445 19174 2272 17977 2909 1953 7489 16652 21629 5581 19623 304 11201 22612 4700 10685 
24092 24360 15005 20941 18791 13045 7483 8579 6811 21178 5360 9759 16902 10582 14085 13819 22219 13788 11567 2328 20394 19535 20741 11162 4018 21664 15879 8137 19339 19560 
9400 4885 5723 14838 6292 1741 15084 5093 7381 18913 22067 8503 3293 14284 23847 15244 1048 8420 12341 21301 16031 8994 24833 16673 16717 22860 317 10127 17602 6964 
15295 12695 8277 8607 4329 12045 6683 22987 8365 511 6556 7659 2321 5772 8705 21556 24869 4226 7077 23164 22706 24710 23739 21944 23239 23883 4335 20587 6691 11270 
7472 16898 24637 10063 22900 3191 24997 16890 14038 11420 17629 22843 23235 6828 11692 15386 19779 10539 20333 4102 11882 16574 16568 16555 18193 18656 14075 14405 7463 15238 
8416 3274 2500 10357 14680 13165 14298 10823 11334 2133 20636 11857 730 6634 6189 5555 20408 19021 4127 17388 1836 18190 5565 8184 2065 4973 2659 17264 12826 10467 
20089 240 24354 21968 17581 8597 14564 22118 17159 14512 5165 7700 21105 16991 22868 15055 19873 10403 16408 13415 12141 12268 24204 18614 10227 5531 18239 20648 16824 8065 
20811 18835 6806 24053 13600 4024 14660 16839 22485 4938 9672 3328 10936 682 198 3568 9624 7185 14792 8129 10433 12042 23128 4920 16724 8658 8726 13999 20738 15397 
10246 16501 2251 7092 10877 24583 7008 2805 11647 7027 7576 19265 20640 4155 16748 18721 8473 23365 11213 18700 8314 16106 13470 3447 3112 7491 15880 16337 9748 10147 
20417 5762 10785 876 6327 22190 18174 1298 24975 9963 19469 7773 23947 2992 21666 21290 8533 9279 5916 13283 14122 15495 13705 16764 7109 15028 4707 18522 15799 9412 
16885 20346 18223 3073 15503 5743 5930 11826 10693 2743 4240 22835 23260 20139 22445 16015 18523 15222 13051 9545 6998 22525 16399 8069 20257 22852 5894 17176 8069 18664 
22650 8632 23130 24883 10565 24299 8940 13363 15405 11433 23856 17549 17110 11268 8828 11117 23238 3996 18530 17482 18631 2831 21197 2756 926 10249 21721 20622 23328 1458 
6137 17057 21863 17082 2121 5675 3086 13494 16900 13207 4020 16566 21027 1448 22976 14316 851 9975 20486 23582 16191 22541 11289 6176 19200 6237 19002 5422 8530 2893 
8048 15654 3529 24666 15443 14225 23413 20382 2514 13764 24404 13384 22121 19184 8101 12960 8930 14924 8689 4327 24148 7006 5258 5264 1824 2318 12047 10776 6367 15561 
9388 8243 2426 14836 4614 7656 5996 2505 17120 769 8363 260 15470 12185 23556 2138 48 2809 6468 20092 22937 3988 24631 23534 8091 5643 10104 11241 22324 6638 
4552 14219 2004 16345 22243 8342 3241 20582 12022 19139 17915 4468 14349 9745 6798 21341 8805 1174 23895 12377 11603 9186 13419 11517 14212 24642 11248 5261 19063 20845 
18485 16103 8699 3164 121 12924 17457 14727 22280 14972 9013 18118 15127 7972 3815 8985 22051 1454 23496 14999 3780 17085 8328 16162 3688 14073 6470 14916 1568 15127 
24722 20487 4567 17257 20876 10401 12032 9855 14483 5250 14189 10405 22651 6002 15575 9102 7666 700 8075 2779 19350 10117 12327 10229 9876 16508 13256 24707 5182 23652 
18205 14500 529 34 9965 23669 16111 8208 7678 14249 16763 18853 1436 24560 13067 13001 21039 15209 18449 8488 10370 16417 9597 20308 14009 22765 24762 3152 2240 12487 
20148 16413 17889 24903 10152 6497 17470 16257 171 24138 24960 11874 21720 18244 7718 24402 2442 24264 9784 22567 18232 6866 18549 6638 3941 8598 11339 17519 5565 16542 
3603 4639 19431 23708 19031 9968 538 14078 12332 24143 17408 14189 1562 56 24525 24971 6310 14481 21628 17361 5088 22921 23362 13305 15556 5617 3851 1585 13415 12217 
2624 22554 15801 3648 24285 9113 17070 3128 13717 12715 1639 20419 22314 12454 7830 19491 3583 6030 15651 14829 2713 1305 19942 6085 2367 13637 22880 12950 15673 1892 
6568 793 342 11094 20323 19970 21832 1554 2985 8681 4939 20824 16901 2538 250 10961 9991 4102 3878 7163 12807 17953 16041 17110 1624 14826 16382 15547 16837 11705 
192 7368 3980 18584 20997 22773 15329 24495 10582 23802 23134 9583 3636 14232 15169 17630 14986 5510 18783 22918 12827 18038 2193 21359 11011 12257 22040 22473 5736 18801 
19135 12737 370 7181 20636 15722 17350 564 11985 2214 20619 12412 6169 16737 5391 7156 2606 12134 1233 24891 19729 13695 13733 1764 24887 23106 13026 11646 14018 4825 
8010 1334 12105 20719 1879 7077 4139 22090 139 11112 3203 24432 1961 19932 8452 10646 12373 23649 22520 24964 3212 10925 11553 1605 24179 8877 13445 18043 14813 2654 
12333 1113 20500 24914 21011 22711 9088 6454 23657 20674 6942 13504 16059 10594 20295 16240 23796 20086 23894 2950 515 23762 11911 12137 20342 24369 2811 1790 11251 5541 
6691 14483 4521 8535 5253 6059 1873 17152 15074 22570 11186 23237 22050 12332 4007 24121 1383 16671 23554 22284 19314 4091 13742 15956 10443 7588 22960 17958 1407 13766 
17294 15108 4896 6045 9617 8992 6976 14533 586 22140 19960 2835 11897 18380 4895 15340 8746 6115 17287 10561 3810 14150 7551 5366 18647 22118 5123 14003 24879 17197 
6137 14284 14393 15580 9107 13372 17406 7560 8354 20559 19982 18549 19476 18826 17871 15750 125 17704 4403 15297 14146 15467 11278 19537 19982 17475 7026 19318 1840 16765 
3263 20732 18058 7548 15456 20654 15164 5696 21024 2909 14575 21221 7842 4335 1549 19908 21342 3524 23566 17242 11468 12072 1900 16472 21321 5169 19443 19543 24864 8021 
7554 4609 224 4161 14530 6496 17945 6937 14273 19371 4472 15573 6555 13786 24955 597 11480 733 10820 3214 17502 1706 1067 10733 3442 21832 10634 18581 10257 6123 
9737 17808 19625 15124 20488 19936 1985 24689 8502 12667 15122 6725 15747 6556 14045 2337 13721 22830 5761 16335 11719 12627 11661 218 11551 17388 7963 21368 20630 10204 
2045 8575 12411 6784 2257 3520 9204 4571 10756 13448 21366 13477 1181 24171 3091 15309 15116 13505 316 13259 5780 129 99 2050 13089 16776 19357 20571 24654 17772 
9008 8324 3340 24374 15657 8371 8457 14297 21230 15354 18863 17651 9768 7163 22968 6919 19338 10818 3441 16658 2040 11826 10072 4012 15280 17336 6200 998 6685 4854 
4645 19337 3625 18126 2152 24684 19248 21562 21919 22372 9882 9466 2283 16029 3448 16890 19158 1624 23922 22968 10819 13311 5565 4202 4052 8817 10596 15931 11254 22615 
9124 4139 17895 10414 1306 1713 18969 14933 2303 8068 15156 509 12581 12034 6609 10337 19609 9873 12705 806 16233 23316 2609 24178 4471 6077 9968 21395 15861 2822 
15321 23072 20512 22855 18220 11240 22886 736 663 4932 12937 20916 14422 14591 13850 10288 14034 16180 8165 2489 21288 21787 13030 782 17609 9533 15021 6867 3247 17774 
21881 17319 3348 17495 8484 24402 4245 8853 8249 10360 1478 3612 16183 10338 15206 19323 18484 23120 17341 11129 10083 9722 14582 20497 8274 1322 1206 18209 14207 8230 
5964 20055 12222 11808 24861 16025 9337 481 6771 5526 21886 23055 8122 3571 3517 23823 944 6724 17130 5552 8826 18633 10923 9336 13370 19945 3439 14021 74 14020 
10991 14399 2625 8813 14924 14271 6958 13188 22017 696 19522 23959 19187 12329 8714 22496 19939 5449 8980 13727 11030 13870 154 19308 13890 15827 6066 334 647 377 
640 15561 10952 12300 9659 13962 4002 6950 20818 1522 13277 1915 2752 19953 20056 1127 6660 12293 17012 18396 19898 23638 6537 21202 12414 11344 3805 18346 15577 8518 
6077 20391 2710 19657 13886 11067 2955 472 20049 18903 5027 21679 21284 12106 24279 21693 1717 1374 12302 3565 24903 5788 11844 22466 9969 8516 12470 8002 23241 15560 
7965 21400 24085 9674 11948 18858 19455 23159 1992 20903 12970 17227 3964 18957 24708 6254 19842 18202 11890 250 11931 22040 13242 15169 24224 22806 13083 1388 7009 3393 
18479 4895 19040 21545 7874 12415 17070 19496 13247 22776 1339 10170 24076 14908 2990 11321 6533 9964 9556 16648 4965 15140 17117 834 17098 14707 1157 14231 7926 7931 
5395 23856 9887 10777 8520 584 4236 13591 14302 20547 22957 1780 18911 2744 1435 8477 12082 7589 14538 19426 23107 21403 6983 5287 17215 23909 5742 1756 3114 21927 
15393 304 14604 13465 9311 18282 18373 8394 11436 14289 24967 19819 16531 17978 17180 24521 10305 17693 3441 10752 3013 16641 11689 3435 23597 3072 12300 11183 1719 15649 
3313 14544 14944 24990 14376 19614 15820 13987 10136 12081 19520 5954 20183 5571 17951 24789 17143 9681 24695 17131 15881 13065 19793 23424 15007 363 13452 10991 24871 19023 
15926 12171 16043 11209 8632 18846 8518 21380 16208 7396 10502 20920 19580 24486 5668 9905 17848 24766 6196 10449 3484 8669 15459 2931 16018 10071 2056 15627 21583 23287 
22212 4542 2405 20493 19661 9961 14108 5113 4752 5359 3609 4007 7997 12219 13968 12987 8572 23467 12640 18637 15251 587 21356 19998 20173 4216 15349 18859 6697 24923 
21088 16615 11324 16213 15673 7020 393 891 2359 4935 12602 21514 3742 18333 19411 13938 18450 1940 11362 2754 15024 1524 3564 13231 4449 16521 23788 16075 20367 16773 
18796 10170 936 22986 80 23513 7805 21874 8154 691 2277 22896 24039 14620 10941 24996 8622 20941 21317 10175 15572 23587 14530 20593 4038 5693 5283 12708 23294 11609 
17094 620 19001 67 14496 8765 12912 825 11777 14757 24779 12588 5866 22684 7974 20531 18298 3622 12841 1277 19567 9594 19044 4079 21456 9763 18748 925 21532 9420 
13928 6944 18949 13395 16613 7822 721 24901 9992 24080 19749 24377 5405 8755 14076 13827 6308 18897 6269 310 18536 24732 2002 14359 14632 17394 17231 14829 774 9689 
3917 22821 23151 10457 11336 277 8357 9368 738 17210 15177 23643 13026 10927 6337 6978 6409 15386 1060 12357 14867 24373 12879 22507 21421 1122 3194 19713 11090 4697 
1688 3630 1560 20380 3345 8182 7262 16176 15778 24981 