1462 746 4274 4046 3632 2441 2075 3240 4410 3965 2346 1559 2975 1019 2922 4173 4460 1341 2758 626 3311 3821 2520 3628 1511 492 856 4097 800 555 
3137 2231 1647 297 3960 1961 789 2052 3473 3796 3892 1191 4789 4683 4349 3943 3038 447 1971 2587 2178 93 2119 3434 1783 191 2682 3881 3138 868 
3440 1617 4329 455 959 372 1701 2891 1952 4670 2116 3548 2871 4261 1100 921 4005 942 3216 4097 4665 2051 2020 4488 390 2893 3954 412 4586 1158 
1481 4151 4428 250 4650 614 1203 4516 1853 1687 3763 1526 4233 2051 2898 3750 1900 1714 3142 2636 4061 4976 1039 4350 2046 4492 185 4608 4999 2702 
831 4564 4831 4840 468 4992 3727 2964 2528 1037 3608 2395 1694 4562 3248 3947 2479 3878 762 2958 2524 3773 3437 114 1127 4824 4502 324 3591 104 
2153 1668 1638 3221 2701 3348 4579 3427 1951 215 506 722 3524 4593 4003 1923 3510 631 3619 1775 725 2463 3506 2609 2325 335 1320 2780 3258 2639 
953 3409 3204 2150 2644 3125 2008 2911 3926 2563 3825 2241 1994 259 341 1071 1494 1151 2956 2382 1357 4828 4183 3990 120 3149 3664 3185 1455 4152 
2156 725 2974 266 2846 3942 446 1039 1247 3925 4195 142 3840 4965 3508 1266 1368 4133 4164 680 1179 4001 4449 1578 191 1780 252 3944 1573 1897 
3079 2152 3614 1522 825 691 4801 3248 3200 418 3165 3743 909 4004 4178 4527 4909 1859 1712 2575 3854 730 3659 961 2353 1980 789 2529 2241 4594 
4511 3340 4554 2281 1613 2489 2415 940 2706 2653 1188 1281 4419 4157 544 3725 3301 4415 3735 2184 3144 376 840 25 2262 3168 1147 1665 4646 2087 
1421 917 910 2298 3739 269 4191 1969 262 494 4273 1178 2539 4751 59 2087 475 1286 4819 453 2239 1786 1761 2233 4585 2837 1755 607 216 470 
185 1382 2301 1870 3586 2217 746 3956 2411 4981 3251 4139 683 1394 3350 1501 3073 4646 764 922 3237 2821 4812 1903 4296 719 4406 3985 3710 1337 
596 3923 1802 3978 2923 2128 4862 4703 739 3847 484 116 2338 4712 1017 186 2941 389 3213 4212 4906 250 3878 1868 4831 1755 1013 3683 3641 2581 
540 3133 4868 4632 308 471 4213 1046 2726 1656 1303 95 4216 2608 3245 3641 4148 390 837 4953 4032 351 3954 1602 2321 2391 3920 4450 3626 489 
3843 2798 1120 3891 4731 4326 1848 2233 2546 4995 1257 4016 128 2858 4630 484 3307 274 2549 3986 3959 4188 1232 2411 88 1327 4218 4003 2444 2948 
4982 647 1783 4562 283 2729 1575 4315 2403 1115 3513 3968 3994 463 2171 2898 259 2938 3046 3678 460 2561 1646 3847 2259 1308 4995 981 2146 1123 
4466 2814 1485 246 2484 3349 2403 1542 4586 521 1068 4149 711 1611 1789 3435 1265 4768 1472 1611 