2971 47862 33135 5873 49821 45972 24091 49579 11749 43836 8218 29639 2433 3690 2433 43469 39761 21210 26960 45735 30549 22665 17369 12902 16594 12235 37661 27683 23821 23848 
9175 5394 5054 21951 10189 25564 41579 6646 28549 1127 30784 38526 11403 14897 2827 42343 35177 4470 45698 22527 38513 27023 46268 596 10292 12598 39537 4887 41194 38844 
16983 12741 49166 4960 31306 31617 40814 40854 46684 15498 1844 32602 20574 12857 15931 10973 44700 38744 44747 32543 5766 32567 26192 1617 6210 32292 18518 27354 5028 27276 
31312 39690 26362 20361 20041 18632 45596 789 32956 6415 28034 3187 8553 23801 25103 37894 15838 29402 3045 23051 28129 18169 49185 1069 26717 10637 47077 43481 45309 46254 
33595 10093 45132 10955 8989 26016 24232 38284 39794 30311 4000 34955 12122 19376 38638 39123 49115 11778 37054 26371 18543 49290 17033 1064 48611 23376 37124 14639 20827 3730 
19356 18330 18203 215 7682 30629 45084 23844 1589 13291 9509 20656 37819 24954 43891 43849 8076 14562 45016 969 23727 16851 14310 12018 33844 5280 41347 48373 26193 46028 
18538 3077 2331 8398 45695 9132 19322 32062 32132 20755 409 41943 18459 12865 45287 16635 15410 44729 9928 20646 31899 43988 35629 36146 19568 38012 21961 12391 26927 15638 
48817 11753 24184 44986 17346 49309 37336 13994 16266 40145 33941 49 32498 10141 6075 45853 47843 40183 7382 34649 38403 4834 49569 25905 39613 27358 14388 37855 45074 2449 
47752 43319 19736 25395 45903 12318 17128 40294 42137 31974 14266 13056 40957 35359 22535 41150 9935 45771 32766 26780 6254 4199 7135 17970 27398 17181 15084 44987 42031 41586 
22547 17763 17190 32232 11614 47976 12060 10024 14157 30322 40994 7163 16186 10162 27937 17057 18182 43908 25046 5607 30001 3921 1262 27970 20317 37781 5757 8996 29360 21565 
36804 32166 26371 33521 34130 36089 33477 26988 3765 4822 47558 44329 12204 36160 4726 17970 36263 7823 21586 15884 48943 36775 38930 47303 15434 14794 20686 1436 14382 8560 
17786 27318 42221 18637 46809 27218 49188 16319 43048 16928 213 20545 14823 48566 30599 41458 2664 21006 47836 5025 44791 24144 32986 34892 26102 23235 32570 38962 17389 34007 
47450 34622 2211 39623 19151 47906 22020 20433 18649 19776 1448 21499 11790 43354 10804 8541 17119 37474 44242 20867 30999 27122 13089 30228 2352 4398 15750 40436 44578 16330 
3320 7444 33888 38790 319 31853 8472 29040 16569 33520 42478 21536 49597 16709 12328 34805 16835 1600 46878 26899 26257 25953 27627 23554 32268 5898 46033 18300 32180 26748 
35513 42639 2979 46725 28899 1354 43845 36004 24745 42523 13666 313 20799 28398 30138 27282 19395 23227 28950 17724 34951 36557 15783 41302 12946 15188 15509 46689 28417 25785 
4019 44041 38488 21565 34278 34177 35656 46028 48703 47519 4249 47353 39677 2864 37914 46896 3118 2527 1158 27837 19088 45852 15181 22220 26227 24264 5643 26157 35423 48822 
18781 37529 37679 10457 21958 47844 36832 7316 40741 29425 32398 6413 32425 3741 49929 13968 23197 797 29265 44276 1182 2639 23573 36575 5158 48887 4734 37162 22839 24381 
44426 20765 10545 27401 6948 8675 29712 44053 47177 35153 13240 8808 8138 13747 44052 44504 27873 124 36053 7822 44394 36534 24527 37655 10955 47505 12664 2527 42831 375 
13008 12006 8055 39598 46014 9790 5991 30211 14177 3628 11336 12552 35910 34082 4775 3426 11837 23664 6560 39278 9002 24620 47756 30774 33424 4853 4745 36880 34602 19752 
34506 21072 34608 48967 36576 16811 412 15645 3599 34267 42296 9858 11477 22145 121 7853 47387 32898 8950 18826 32764 40380 36233 43787 30126 23466 18189 49313 10097 28292 
41518 14468 37415 22520 272 45242 14353 17753 27313 24128 41955 18076 38102 16203 29014 11574 17135 17795 31617 34420 5693 12155 43751 47822 44588 10311 11901 22605 14090 1053 
38652 37749 47240 41327 20788 22888 28379 30952 45152 8914 45910 33174 2560 13979 27559 43952 21170 46999 13493 25468 31425 15832 46553 37807 36458 28453 38948 22257 44091 18158 
10503 45745 14016 29194 38335 19245 39413 5266 35583 38924 15604 35017 26638 47002 10457 22880 45525 31246 47257 26805 40435 20896 6216 42173 46442 16093 23006 22371 8985 49788 
31387 39924 21660 26103 2716 15162 20915 11108 19767 1402 12300 44754 12787 15583 46963 37635 33359 32844 33945 47381 45890 11673 25537 24545 35900 44196 37627 8406 45626 34105 
9027 15846 41882 26131 4383 41486 18252 25386 2147 46763 45060 40518 7841 4306 41747 10194 22438 7750 28532 35599 14414 37114 39441 19661 43142 27061 39715 20544 18717 17513 
45096 40047 27926 31892 901 23932 48040 38270 30649 1758 21690 22552 1600 17484 6099 45616 9003 24042 13537 24328 3827 17907 47729 12125 16188 3564 25871 39611 38969 43253 
1001 19923 35516 34335 30522 19518 19473 9369 47510 35231 38041 33464 33801 32622 8883 48419 22403 21820 32549 41833 6349 44135 20870 48757 10181 44447 49142 21198 2433 18337 
4430 31362 47895 47087 49360 21012 3163 20596 22468 16332 9498 25247 46478 10774 46243 32293 24057 11976 44281 27824 26119 22786 39266 49439 19572 28727 14606 29052 43849 22426 
46590 20360 1242 40506 36486 14095 41773 32625 16256 13897 44680 34136 14130 29770 40166 46287 32637 36598 5149 23708 30836 33874 5397 29763 24773 49667 6783 15595 16129 40441 
18414 20883 5976 18731 36372 10113 76 4728 16036 47335 9877 21215 2611 35193 30366 35095 23164 416 39077 42795 24414 32264 31583 32040 38958 13352 9004 9819 38148 8135 
41702 40282 28763 42601 42909 6207 46772 39751 25807 4183 21139 32567 13565 17145 39186 22657 49229 7003 3838 19613 28225 13141 30044 49221 37910 42676 10318 4468 25774 12223 
12278 44263 43480 11694 21412 7065 15920 2519 43338 30157 44132 3705 1625 13140 11320 40644 40606 24439 21992 39239 35324 38931 4505 11975 17178 25374 8839 24344 29357 32355 
7373 11292 6948 6905 24300 34111 26204 17834 37615 2522 44770 2992 24668 1213 27281 13775 30064 42206 29361 4962 32803 39271 27415 413 10138 38870 1096 8328 14444 34484 
15372 32533 5543 28222 18298 23377 5911 19985 46363 37874 33756 5392 3745 5002 13150 35599 35879 5617 23383 16569 36920 49515 42186 28059 45581 40962 7785 5989 36715 6200 
39394 21010 9276 9680 48422 19873 2169 47274 25535 42610 22630 3359 36681 23726 2672 23265 10752 43543 46323 23654 48867 45999 40821 13869 44958 5566 47728 40276 9180 44324 
5361 4854 23873 22145 17776 23662 41578 1754 8967 24971 16935 43532 24345 45202 17767 14666 658 21119 7321 24041 9308 37570 45792 39531 1882 48903 11796 8895 7129 19051 
31841 46150 43492 41482 1611 34257 36700 24057 4254 27163 32833 903 46565 40193 29377 8694 19174 4984 14877 33783 15939 39545 30319 46018 47777 34200 36192 10349 24348 23777 
21705 27618 12194 37127 2695 31959 20797 10265 19952 40463 9622 27935 4158 41539 29250 24908 16399 34331 22350 22297 1749 5690 17593 35727 40802 27084 49534 34796 11980 12690 
720 36167 25198 9288 38728 34616 37984 23991 1810 5822 7681 19436 42383 12859 9996 6133 15673 6837 35903 34267 11653 5897 16194 18296 19532 30312 47567 41986 41421 42994 
23771 41163 1303 18945 39656 45198 20935 48759 22411 5796 16174 30879 30787 28061 4987 31790 34983 43810 34816 13202 34440 19013 16393 15890 32822 8917 39089 21223 47922 30817 
43686 39474 39767 5756 8339 43734 8960 5130 43463 14508 38524 37472 46829 49195 47341 4559 8838 49731 37545 1546 32507 47652 33341 48258 36200 18106 7266 35838 23339 984 
38 15964 41259 23010 14410 18629 9626 45633 29726 30231 49664 32274 25322 7300 27361 43022 11400 13367 46064 39102 21935 27963 11263 29034 25975 31407 38962 39871 24622 48820 
34551 4581 47089 1487 3617 43119 40915 46819 25321 14313 20690 1479 22977 16654 21030 39950 24052 33304 35276 47244 33034 49982 17777 4129 22032 29268 8654 38896 8622 37796 
11536 47338 38691 37161 31017 7391 3163 35150 23655 7258 32473 31257 31034 8796 4716 17525 1263 38764 41911 24150 34177 3206 24745 8994 5730 9966 37919 39232 43001 34812 
43588 45137 34584 13800 26409 6127 6846 45027 41985 32840 3212 33797 25356 28790 11082 7416 41439 33964 16222 31510 11170 46524 43206 45803 40782 46465 32891 38121 16328 19673 
13954 45061 21275 29863 41010 13703 30371 34825 33144 33115 35637 8787 37898 4622 20670 16182 23704 46366 6369 48447 18861 47592 18136 18107 31277 47149 24713 42261 20768 12110 
9425 41379 32391 28052 21911 39765 299 28198 38380 11079 43837 41041 23443 21649 3027 17683 30027 44491 24798 27002 6512 12668 21986 22435 38251 29631 5837 14235 29597 9412 
14745 18252 24643 22956 45681 40228 42431 32387 19846 14962 9660 47402 17168 19707 9915 14513 40270 37143 17122 4243 40880 5739 27199 13214 41343 22343 17661 45464 45686 48749 
2606 45679 32225 26046 3781 36542 41550 15561 16627 8768 31664 13950 40615 34757 49936 4870 37872 8794 30199 20846 22198 21271 18075 36932 28025 35553 45181 46080 5340 35358 
43663 714 25648 3870 10753 46539 40009 8420 7676 9155 7756 3833 4334 36256 29049 14611 21804 24082 40589 25822 10830 14546 30747 29555 37137 16009 3367 6637 10595 47694 
38281 4527 48540 10376 27942 38279 18258 1632 27589 30422 47407 4106 33658 35481 8017 16305 14269 13966 44971 7286 11512 43108 40650 1622 14368 25288 17973 3242 15290 12135 
9681 11721 29077 709 48229 46284 23894 23032 35190 30744 37668 12543 37798 33185 42420 4573 4974 16322 27081 36426 6378 18270 22485 24542 34043 7548 6723 24262 7476 45409 
31809 17221 40982 13204 26927 46442 13986 11584 13225 31542 30407 35694 4153 24526 16960 12808 26401 21870 42749 7900 656 11804 27922 38533 37868 29958 21812 35753 37494 38855 
37437 44937 11541 42667 21220 37546 2416 3092 33349 11706 48693 49126 37281 13082 25165 20620 9909 13602 43403 14525 37332 16029 47019 6693 32007 24361 16088 48793 30769 31341 
40703 1040 49078 40596 14755 12866 8440 48665 38059 5888 19260 361 23652 29515 47009 36159 26428 39101 26182 12288 18732 44015 10841 37928 8278 33634 8601 12731 8789 20558 
17922 16577 14088 29823 30427 30364 37248 12674 33729 13378 47371 23247 26925 42161 13761 47080 29670 39949 5885 48456 38548 46780 24048 44879 22935 39645 33054 19131 8874 36983 
42896 46421 4216 48776 27923 37678 8418 49128 200 40374 31405 18559 10203 44973 32088 49753 36893 33746 7126 48377 26447 19004 31465 45544 23547 47786 5767 35786 2562 37356 
40144 30947 48588 17836 447 41005 33060 8241 35851 19195 37616 21232 16316 20507 6857 30606 10394 47855 15352 10944 43383 2344 45517 27563 17351 2851 49609 33829 6242 9632 
33944 35795 24565 49770 4067 8801 20717 8970 34093 43699 28466 39846 31232 39639 41599 4969 9445 14283 47230 45384 47319 43456 218 22614 41112 32143 49344 33949 42118 48795 
16457 9617 41168 43200 43377 38809 48022 44855 45381 23582 24295 26281 43510 27401 18107 29528 14678 35855 22138 39523 49059 10804 36373 27827 43639 46158 9111 17266 38424 41039 
836 30202 38119 5404 26626 28815 4029 18156 19500 41470 40033 42022 16604 11290 48773 43343 41221 2238 3731 10801 36441 14595 19495 4768 17814 1872 21045 2877 36883 42286 
16210 4799 41631 37069 7559 35185 37166 29359 40552 42412 11453 39678 38536 24141 12149 39765 44956 12308 48530 37823 21433 7536 4853 44455 32964 15702 13185 14274 45855 21541 
18632 33114 9522 34510 44328 14324 33746 43685 48375 42308 13467 4623 9793 34857 173 9743 33475 6 26525 37693 46432 2178 18788 12100 532 2880 42903 30185 10719 37838 
4206 38275 47681 26904 28616 39094 46150 21167 8890 46574 34221 16378 38520 40137 35051 47883 41278 20268 12565 40393 39205 38024 46746 28429 34067 43380 9722 4688 26730 15520 
47676 27804 10862 27569 25607 29566 26528 42723 38701 2412 16796 41166 49047 7390 47179 35364 40846 24867 17418 26047 38003 44000 46198 44750 46690 6928 27597 5705 38446 2454 
44360 37789 40 49298 27553 29110 35364 11099 40997 8196 7914 44898 32711 16708 34670 29123 35416 15021 35123 39044 21524 21552 22546 17626 20111 46026 17340 48908 19111 26460 
37867 4236 48608 14384 1536 18466 2384 10110 5468 16825 10269 828 25869 397 19058 18233 36325 25116 28536 25228 46012 22701 44297 5996 49154 31871 43006 4224 14826 48837 
25768 45033 44401 7764 6311 21202 21132 7544 31753 44312 1557 42766 10186 2844 33708 11001 7035 22371 32328 26763 33000 11504 631 38015 8632 8774 48769 19067 36186 5292 
37688 15618 44318 47326 4107 24826 1700 34995 7198 27018 45337 2043 42428 1589 25083 40777 19675 798 8840 31244 16358 24605 18101 3244 22584 31029 47318 36190 15354 39493 
7059 48872 3937 20343 36021 40545 19654 34061 29254 43124 32968 14272 33186 14542 8634 42876 25006 44886 33504 1775 14387 11484 998 29346 15202 33144 31048 23026 10542 16329 
49579 35424 13689 34307 37008 49766 6047 26650 39110 28990 14292 39493 40326 38119 42003 28849 34777 40224 39178 49432 17531 1807 17713 18622 19572 27425 20989 43898 5979 10854 
20193 6717 41071 44042 15964 36681 203 9804 12789 38221 7831 43693 45716 7057 1073 819 24440 15889 45380 39654 25039 25074 7242 39730 13035 30726 11919 27906 14648 46795 
9879 552 16668 44303 33699 31313 19414 22706 6598 46815 3225 15692 19076 11368 32953 26922 39245 39179 9380 28672 35893 19372 1755 33665 4334 122 38204 6161 38186 10729 
4201 34787 11014 3268 46273 28967 42749 45774 28843 8500 16224 35893 9131 39500 22147 30369 27335 2105 32678 6934 19644 24311 11264 21119 12163 49934 34900 47947 10664 17775 
5613 4405 35638 22021 15242 38950 46238 9271 6830 46345 5098 1152 42164 13929 19526 41049 12796 49542 8211 16239 16954 32385 36612 43028 28337 43298 40258 934 37666 32763 
12974 21095 14595 26830 36891 38295 47521 21894 29644 29572 18544 4590 11377 27538 9416 5163 4361 15787 35353 27996 25547 6454 15258 40926 8551 22030 20686 33174 20206 23635 
22862 2231 3260 41700 11767 7829 48595 20100 22943 5118 47918 32319 47645 3678 21667 23362 49292 10275 34528 32119 41694 32726 34679 45243 33783 21097 29627 33197 22533 46577 
22207 26193 23354 41971 19312 12326 28501 7983 26051 40557 12777 2367 45301 32229 580 6702 2264 17368 33042 1346 49215 33232 41199 9050 26596 11614 49725 12302 8544 20782 
30124 22805 46700 15098 35674 14206 30312 22328 998 33920 31095 29487 2604 20168 42293 43920 5675 6300 37074 26543 38050 36255 29962 46105 37361 29911 41605 45169 20236 5568 
47065 13986 9484 41084 33751 15836 8269 155 4817 34104 33391 16553 27645 37265 39737 17037 10466 23730 20924 6555 47634 16090 11582 13249 19162 34766 14478 21383 44212 8460 
8135 8870 7912 47174 39361 38393 30237 34364 47054 4663 7960 18197 37989 677 13740 22167 40848 30713 36622 20569 43411 48802 12276 34137 10919 13991 31664 40549 22649 5449 
4267 48193 44072 17088 47895 12952 16089 14177 8275 16292 42401 17124 41787 18603 47170 38803 36075 13650 43680 31894 29248 12414 19169 6629 47500 1640 5902 33068 23959 27183 
43825 19770 6838 25789 45842 24876 5820 8864 31713 10402 37274 25822 6776 22922 42973 4454 29152 36975 38699 3889 16397 44819 17006 30508 15517 24428 11027 14744 1163 3116 
10336 26439 15549 32827 29235 14008 41369 40065 14771 28645 31729 22870 30450 35111 11325 46848 32693 36526 32343 47457 44947 26914 47894 18320 37187 44901 11048 14318 46330 40212 
756 9127 13515 7428 49130 21907 37279 31557 23940 44556 6749 45549 16796 34553 24538 44441 27199 30257 152 27434 13095 14187 11919 15891 20001 32700 46399 47698 39293 26243 
2402 30467 14208 4265 5640 39761 47135 33762 22583 45337 25699 7376 1720 29508 19013 18323 45008 9541 27249 28438 47109 20666 26668 3449 5827 38680 8491 33004 45029 28805 
19847 25411 3804 28858 11435 12603 29308 6149 7177 39265 30378 14287 16975 6060 29083 47029 249 49207 35831 771 5202 7661 35506 25536 35082 46608 13447 12719 26096 29436 
4211 24891 11231 14945 25527 1100 3208 2398 46583 33684 12985 4366 38195 42151 24640 2959 1288 21779 38673 11434 49532 26453 48471 39002 10127 29885 47044 40884 46650 17022 
41582 7826 22438 24 42905 30507 6421 7642 35696 4940 42383 17632 35923 41041 49035 3276 1734 48950 31737 33379 22639 815 11598 4434 36721 42341 11251 45530 34473 28134 
3094 9436 29774 36579 1913 39175 974 49309 24092 40801 1802 48288 49255 3758 10661 33778 35943 23986 12450 25630 28524 10792 6898 33047 18722 23951 3416 460 28791 42134 
46099 33817 31971 2433 17528 10433 43352 39289 28811 42008 23121 48112 7144 14447 3087 32321 16485 29417 28961 11606 4131 2964 36674 13084 1699 45313 17103 40170 18399 42451 
23610 36848 38717 23597 18080 48846 32023 33695 30579 48803 12478 37962 22868 16311 7498 24710 12114 29909 343 24905 18306 30691 25145 15491 17667 21794 5348 36962 8003 19997 
17402 43373 29459 33667 6340 27394 19464 41641 11989 8683 33262 34893 46161 45948 42191 22117 17251 2872 9606 45677 14793 47496 6545 46919 35296 44677 17366 26794 839 39688 
39125 14465 5899 42599 4119 20960 22813 7791 46166 12428 44208 3090 32752 7909 22106 16347 30462 36937 28900 33114 27156 33031 21388 7688 5940 47354 26253 24403 44619 37144 
23990 5403 8974 17924 20275 48570 17461 20283 28517 31423 32600 7053 24163 48892 40134 9334 35629 28946 9167 426 38882 6913 35146 29158 24738 10805 42342 34155 36201 7950 
19544 17482 15266 5307 19175 48758 27440 13313 858 29477 16024 34536 44106 31865 12252 1685 3821 38263 30727 14380 12045 24030 46249 40053 26976 33800 29945 4004 48896 29862 
17078 7078 11205 9996 18709 17824 18329 2077 44212 32812 9717 43287 49067 35137 11844 20557 35181 42578 11758 48762 29046 1222 20998 35262 32597 1682 23184 38689 33914 44344 
2536 35869 8043 24865 13217 36960 5459 35777 11730 48462 2163 39837 40985 5352 40370 33163 46452 32674 38094 16862 8707 13892 25764 34675 34432 21933 538 12790 16575 15390 
5119 23643 33747 7422 28307 5689 36644 7629 32568 4377 38412 8126 26936 4434 30468 12266 46287 41491 1182 1337 26321 577 2640 42698 32687 43478 13930 46789 48003 29304 
13227 11789 8345 26002 23880 31599 13769 14288 45609 1983 34253 26596 31204 9952 28265 41062 17174 14263 12997 13252 44346 32500 42246 30808 2141 5465 37931 7189 35436 3435 
9689 37067 9700 17540 9595 19613 17437 38846 32292 18595 25625 1994 14687 40740 25650 28861 28366 39963 27284 7352 16495 23516 18456 13563 42319 35506 49994 36931 29138 44341 
7032 44828 48093 43103 25767 37196 7468 40826 42118 27756 33103 47414 31680 4587 6647 11331 40179 15705 391 31026 28856 9690 49844 4680 31587 33871 46675 30211 18957 10099 
23874 33774 27552 37571 36866 12248 38166 8134 40690 2973 24736 31805 21624 25374 45375 38244 39338 34161 38840 10932 49340 34049 29615 29979 30806 29605 11745 48308 13983 29151 
993 38187 43063 7548 36868 6514 22160 37869 33840 28686 19517 31161 17348 1732 13914 2170 44998 699 34322 20500 49908 38199 1523 14069 41449 4729 5571 43531 48381 20929 
34031 33078 19899 19748 16421 10288 49763 25901 9504 2239 22713 46410 16527 15954 12709 18849 189 33876 8468 15524 17640 26444 41813 1288 2148 40733 7593 32068 33955 31990 
23760 49602 8701 37408 17487 30105 1338 4676 7846 27837 6466 32402 32532 29229 8046 43677 14696 17319 30660 26263 24128 17996 35118 30059 15145 39301 9945 29963 17781 38942 
15262 16825 19699 4202 45171 19731 13342 49092 41620 17385 19415 48135 21835 16399 17819 48194 11308 41539 9728 2662 39295 30118 29088 29965 9608 24786 17095 4156 30023 41172 
41715 49380 3000 34902 10749 46897 23066 33027 17497 34813 6273 47821 38484 12970 2890 13720 3206 17239 33182 1904 33903 9673 9341 7219 36795 8689 28539 31012 15973 1175 
44249 13030 8320 48866 25258 13187 6465 23147 3548 45974 1576 38098 4481 10307 13848 17986 41396 10062 3517 42120 22221 38736 7878 18296 19211 42085 38144 3809 10518 44855 
12198 36298 28749 34419 6523 49879 18017 27729 24236 2841 13824 37857 16749 44397 30775 29301 10029 39832 14393 18074 33925 30741 7016 28467 11564 34501 38765 38676 31612 25004 
812 2492 40895 18040 5890 29873 23472 24912 6047 18884 35214 22359 40841 49652 28606 6695 3218 14965 47130 39515 45033 35898 12285 48520 37132 2154 10823 31720 23898 31294 
47345 3537 40990 2392 35014 11614 29269 35390 23207 26179 20454 19259 4895 7317 31615 7076 22026 33408 40284 24277 28659 4541 35566 9330 48869 16625 24289 24707 19761 32385 
47928 12467 28550 32146 48727 4193 15452 31498 13807 44159 43254 46719 44101 46484 36318 13542 40185 20173 17326 21233 4143 22198 13518 2110 49773 49471 18070 47048 43158 27008 
12522 47819 46566 22367 27722 6926 8859 8852 44073 48460 15571 4795 28112 26680 18372 44227 28277 19887 28877 11445 34428 24143 19471 44639 15453 9982 18705 5769 6768 29382 
32084 32346 49299 42281 13142 37439 25330 24380 17077 19845 47115 30117 49294 26950 23098 17807 9173 21117 36323 9926 5502 7903 3676 48264 3932 36299 33609 7529 27106 16481 
6275 15588 10397 28645 47343 11219 10833 1754 39470 48280 18353 8789 27801 49303 28873 11403 28337 11879 9747 49836 40874 9078 19331 12214 42198 28216 21478 40950 24843 9817 
34795 12146 7870 34273 32238 543 16455 38526 2055 27659 2813 41558 4062 20807 20089 48122 16887 23033 36486 24383 34229 10111 20646 15927 5261 46708 49017 35027 7002 42718 
35687 42911 11084 25768 26499 36094 1621 37564 25767 18809 36645 6736 2983 1761 28887 43230 8035 31543 11449 45653 6673 40155 30308 34469 23994 7198 35558 43645 47592 45280 
17738 10761 3841 22142 2347 27335 43058 36090 45418 41746 7188 9620 37960 359 49478 12951 12611 28050 1088 1834 8849 6741 17234 49197 39207 19160 31781 42859 17967 23072 
43128 15468 18906 16935 36016 49755 30330 9247 34563 26242 14349 38914 36281 33305 16553 40200 30877 4502 17443 42814 5859 15064 28025 13569 20900 24243 33349 24802 39307 49699 
47218 18842 21470 45734 9283 37274 13547 31726 41870 30902 4820 37583 706 48808 16092 40242 48175 33228 43667 43667 3119 18078 22160 22248 23982 43250 43411 6711 11616 38316 
40033 26868 27691 28343 7085 36238 36629 28179 29709 17824 5532 38082 3531 25336 4887 38476 17228 26020 10846 27234 37386 12808 6431 21869 47469 42815 5764 2077 14933 31426 
42578 20119 23581 30558 9608 36531 49229 7480 46664 33407 23404 17446 47307 4405 2154 34985 7367 2625 46228 13502 6366 44592 29450 15084 12131 38265 9301 26456 6044 38214 
10865 16707 2968 16747 41536 32168 40593 26005 44977 36206 11291 12564 7641 40752 39426 23830 29429 49100 7375 32997 20931 36953 24623 6051 35395 35167 33802 4978 24825 16670 
42055 39050 43297 20833 21986 1802 5784 44603 31494 5569 49696 39175 22524 459 37007 12426 13096 21045 16608 33063 44490 15871 39938 43477 38842 14265 27419 12508 47376 32341 
37348 17650 45776 39941 42507 7624 13200 4617 32443 24307 31613 35939 18233 42676 45016 36635 29285 41318 139 29515 21333 9985 29523 48951 2239 31812 44732 39621 37007 10846 
48031 31478 17776 26236 24883 11467 949 15353 35452 17156 5864 8458 25769 6621 34180 18784 39295 47716 27540 38422 8999 8392 41475 38223 10513 47303 25976 47726 29871 14197 
24824 13343 41231 46723 14124 32865 25357 22970 5253 22144 42569 412 48771 6321 3274 48891 38401 37159 22813 28193 4176 17097 21566 40757 42861 35616 11254 17154 44682 27048 
43496 2068 42779 717 29102 32033 2803 24142 31822 38235 13915 47380 8211 12850 34660 27730 22108 39192 5323 9200 24178 7224 45239 23167 5282 25330 647 14900 2129 4046 
32205 19617 11621 18981 21243 21877 24000 14764 32760 697 44746 35359 5229 10834 7012 24120 21355 11108 41530 34719 25549 39839 39550 17498 4829 40953 17585 19109 32957 6074 
5313 27677 24163 40757 12503 5733 28872 5395 38152 33152 37330 9207 11798 45736 40861 8902 17686 10998 8127 3201 27310 24055 667 19293 43197 8463 5926 2901 11792 16728 
24147 8749 30402 15441 44064 13143 23280 11908 29721 11256 45863 21806 3732 27375 28426 33321 18542 17848 44337 17293 25773 39433 7519 42982 20692 43990 26968 2083 49239 5923 
17163 11578 35846 17530 40544 34105 14210 30891 16466 4746 39473 48516 41056 37781 31378 41779 39247 41798 4322 2173 37463 10712 5024 8436 17197 2532 12182 21668 37489 18548 
19475 16353 37928 40427 4585 5478 2383 316 46025 31371 44508 29575 30778 42976 15345 2926 27475 36230 37943 1705 15721 12068 6630 12906 31720 5922 41338 6405 6854 782 
22439 49930 12933 7555 37503 45712 11191 36818 8982 44353 48096 16922 6261 33484 37431 35890 37334 8620 3621 30992 38932 7808 9174 33716 24407 7584 47898 31528 47324 24321 
44267 33242 49076 25147 12426 31561 22865 1573 2732 23607 3542 43944 18666 29380 27126 33200 26121 19677 29663 42870 10538 37684 47545 20992 33130 47019 12888 39596 13463 47464 
28073 49628 49753 22400 38434 42159 9095 14431 28627 23878 17537 23385 19803 46384 24881 4915 46294 2920 20018 22506 25920 17123 47145 18594 31397 20099 29268 29853 29756 5261 
22626 22898 40022 27656 17591 38991 18629 2113 18444 13881 2818 22467 13137 38715 10380 44799 35736 18463 25464 43003 39506 45232 31609 26499 46517 9070 8363 30446 29566 32602 
24165 43232 1858 16264 20711 45092 31626 10990 30252 5322 34140 20848 26596 5228 10244 49060 28757 21308 9796 41535 28950 27205 9603 47254 27218 24997 15803 23211 42572 45435 
33686 6140 38169 27678 42743 29597 41617 30183 20607 41133 25495 16076 27726 18659 11297 3340 21334 5161 41455 49575 10565 40117 762 8995 13598 30502 36060 47356 37778 39553 
49278 38208 3816 364 37255 30455 22230 9358 18330 5206 17174 5366 21004 39938 19176 32831 11399 33571 27806 23373 1248 9644 15205 44652 34242 26209 36018 6593 15713 41227 
36687 24900 18738 24524 22693 7697 25752 26259 40075 2295 44187 5748 24882 24812 41060 9415 48657 30042 28734 40815 5724 14933 31190 13018 28048 8589 9002 21656 36751 47472 
16696 20437 18287 5120 17622 44601 2529 14244 36519 24283 17021 20261 18183 4983 26464 10210 23428 33284 4432 24272 532 23442 19241 29610 15538 928 30413 14232 4439 20886 
14157 4738 46271 19646 40764 34424 35422 36871 3504 8922 5007 10138 8812 6578 34070 42460 31457 38208 24888 2551 33761 2466 38131 4127 19817 39829 41463 16428 47749 22253 
36890 46153 48164 48858 47720 31516 5141 18977 26116 24479 29771 1054 16024 6705 35902 15588 41748 727 5561 42707 23318 30380 49479 8809 27515 37078 5575 46477 1315 5171 
3910 14695 5575 43001 7560 1221 1567 5479 4066 48374 46987 7530 4461 21925 14899 47988 8878 31138 28039 14429 11947 19648 21995 26905 22307 11177 4333 11899 14292 25393 
35044 31215 29471 23465 7146 20362 37280 1817 6824 49553 8651 15373 16944 12428 17501 38341 39654 12971 11222 4393 693 19819 38038 9886 16282 27768 34964 37455 30102 18382 
2723 32712 8774 46509 22656 3858 24111 42722 10233 35794 43287 30596 41440 36997 43638 16078 34812 43974 24480 5544 1989 13297 41207 6464 13690 22018 36905 17626 44438 201 
20820 36306 48278 11182 12977 21443 31749 17511 12876 5202 42892 34765 24029 43362 25108 38748 42986 4233 21264 30095 7944 18129 834 19191 24309 28055 49368 29479 45830 28159 
41934 11151 44841 31805 46149 18454 29405 22783 17250 29562 15322 24191 45861 41951 24350 24122 5025 16983 7980 33555 31697 27034 11829 29655 1151 15599 3658 17447 171 17182 
2029 36544 8212 21895 35888 26444 12043 28738 1544 40677 31735 20952 46075 7437 18766 2099 25983 9535 27216 22961 48710 21837 26559 31606 16372 13045 20854 32733 22889 29476 
5742 46272 33198 19434 1756 23284 14780 5103 8821 644 3256 12260 17778 22304 40195 11635 25447 45053 35261 33041 10062 26490 30407 17372 1794 27714 28360 12300 709 39643 
15757 9553 34406 34693 28493 49983 2578 48490 40925 39385 11377 11008 24344 48606 36446 44971 42668 16902 7648 32941 2462 26584 44703 1962 38733 25361 14878 25994 1691 37616 
1737 48291 21976 29874 5488 1201 528 14451 15412 28647 37894 32167 27947 27896 4365 7901 35489 3422 11237 27150 38695 34063 18365 31552 35143 15566 43693 5660 1626 42600 
43386 15382 18481 6146 23232 12789 27984 16888 43479 26864 4799 7846 43539 45431 35867 44688 30700 42176 13630 14542 8042 17025 36313 19821 32415 10028 10383 41332 6852 12768 
30418 4385 2955 32684 19742 44701 23507 24689 42084 31613 32639 12550 40674 4807 3521 48678 5599 23641 11621 34980 10053 19941 785 48078 24666 10048 35580 34030 24435 4409 
33085 28737 36611 39780 3605 22498 11785 23656 3616 49480 5863 22464 29909 37944 18396 47381 48239 23400 21300 14985 33982 17848 31706 49666 2347 3213 31465 42800 29787 25984 
22360 31670 23388 7505 2395 27761 3758 16444 34021 32667 22289 41889 45726 19265 35166 25720 45918 8034 28978 33471 287 12295 19191 23167 192 42610 26326 19613 36030 34508 
45774 47528 43641 42809 31086 25245 44715 25269 27350 42445 1322 30341 30596 26096 24677 15581 37894 47404 2160 7715 10008 42642 45172 13306 31325 49285 39928 21323 14216 30290 
34687 47328 37707 15856 38453 12264 45105 33086 18332 1 44638 49224 15860 17830 42377 12690 6801 45268 18407 16308 26600 42233 29772 18433 34284 19529 41461 20777 26092 19509 
9242 22763 34953 23480 25513 49755 2760 28584 479 33152 48089 17192 44459 28710 14399 4878 20765 49132 3679 19354 19769 18634 13335 45238 38296 42799 4863 582 16024 15002 
12567 36761 31424 27113 48625 36242 37227 42824 42811 4338 20980 13415 3729 18895 10092 35851 48206 45987 9681 19069 13707 4769 48543 30656 23275 39934 34461 6002 17335 10079 
6518 7655 14268 23131 37606 17222 28156 42734 46772 24627 43669 3714 30704 43983 27024 40368 23764 46486 10588 5033 17109 40713 3528 41780 35287 10617 48072 1110 19952 26608 
46580 7675 16187 38219 9074 25484 25639 19276 29813 35135 28836 42075 35431 30036 42630 3450 41865 34600 43800 10603 16009 36743 18077 40748 23035 23270 12706 36572 45116 18210 
14619 965 8783 10108 47140 49440 16583 28938 7992 26886 28384 28735 25508 28243 25134 2300 29982 26883 11325 27657 3394 23030 4074 33062 28520 1794 5319 7707 6937 38105 
12984 42566 1516 22175 24982 10120 37146 26053 40730 41213 12649 34396 39928 2976 28854 36201 36714 40557 35146 30205 43414 716 7932 39133 45442 14118 47927 33313 16539 43099 
21632 3063 42005 28406 9757 48714 27553 34424 12493 4874 19247 4842 1500 41733 44654 12401 16026 42208 3131 779 