6542 4764 6629 6051 7131 4608 5776 1353 1783 5528 3020 4181 1605 439 1698 3970 645 1010 223 1343 1859 6472 2781 1594 4968 4845 7299 7415 222 2042 
4881 1930 6015 170 5155 7316 5223 6227 850 5296 321 5070 2772 92 4654 2867 3066 6643 4509 1871 572 5477 3395 5096 3505 1855 4711 5739 6199 5348 
1674 6282 5655 3560 2967 6865 2879 4417 735 362 2579 4840 5377 3426 6381 6307 5504 5008 2545 1116 1391 451 7401 1297 428 5110 4049 803 6231 2316 
3704 5763 1597 4319 607 1524 282 2347 5092 1255 550 3525 6926 2430 5948 4896 2136 325 4506 2332 1022 5699 5154 6871 3554 1248 280 6587 3045 3278 
4429 7122 5517 2912 367 3384 4181 3456 6293 1397 4090 6356 6749 7354 4085 5598 4581 7339 2704 4921 2071 5367 5301 3026 6954 2251 535 7060 6316 1690 
3113 5318 2113 562 2807 7002 5019 653 5300 4210 1032 6845 230 5641 3281 586 4108 6546 2933 6561 7427 1727 3684 2369 2828 1918 567 5974 5055 6795 
810 4140 3465 3436 3530 6290 3225 3318 2024 424 3168 2148 5084 2751 5066 3037 3180 6927 3423 24 6128 3409 1797 7001 1987 6878 113 800 7060 5529 
7400 6884 2667 1593 4776 2567 4662 6968 5034 311 2443 7106 5519 3349 4472 6367 2169 2325 2712 1382 2431 2740 4485 634 2366 3075 3640 2811 1785 3891 
1759 5973 4554 3209 5600 6118 6894 127 3226 6246 7304 4429 4637 6575 1828 1237 6907 6700 5411 7203 5171 380 2960 5943 3333 2480 1926 7093 1483 213 
5566 695 4582 687 3668 6913 4497 1061 1815 3657 7094 934 6043 232 4626 2190 1003 419 302 793 194 6530 4336 2465 1134 7262 4323 7447 4293 984 
1873 1609 3451 7156 841 5416 2526 257 835 5490 3190 5614 2471 2601 4176 5521 392 2516 3567 3454 5767 1670 2134 3739 3725 2883 6870 275 1660 3471 
1248 4393 3902 6994 4073 3453 6472 892 735 1311 72 139 3478 6860 3455 1649 3850 4962 5515 878 5728 1995 3261 7016 1507 4907 4362 6018 6752 6135 
2144 7432 5335 2153 2375 5554 7049 4065 1693 784 4717 6074 4066 1145 7346 4246 402 727 1458 4621 4889 3802 4074 3249 307 5432 255 1400 1155 2585 
3808 88 1374 4895 5843 2321 3973 1589 3374 2937 3989 4202 6599 463 7053 3292 6276 2600 3384 822 839 3716 3497 7239 4702 581 405 2445 3558 6747 
6236 1790 4489 5655 4965 4035 2284 1491 3963 2831 4494 2856 4944 2452 583 3886 6714 3621 3610 478 1303 6114 3016 458 6962 525 6461 4506 5123 3951 
4830 2943 13 3942 3681 5738 1449 5503 4373 4895 1621 5186 2158 709 8 7309 1911 7428 2420 5 3360 6746 2444 5926 4505 1042 912 2115 4463 729 
4074 5855 2001 159 5443 2555 2062 1486 171 7173 3990 2733 2864 5614 1185 2153 2291 3889 6509 6 6778 405 485 629 7286 6565 6816 6582 4108 4066 
4760 3892 1192 3453 7056 6389 2688 5312 3997 3438 3385 412 3892 5487 3667 5886 5471 7126 1195 2591 2009 3588 1855 6672 4143 1993 6313 12 5578 4809 
4604 7207 5369 1723 5967 995 857 5732 1038 1826 1717 4619 7127 5413 1728 5047 437 4094 6389 2010 5153 6111 140 3933 517 4238 5977 7172 7497 3956 
3607 116 5101 6525 2063 5235 6473 490 7408 1388 3611 6383 1626 6255 1017 3598 3474 6333 3461 6755 3870 355 5224 3598 3247 6033 7356 6132 6074 5954 
6905 2264 5050 2575 7338 2048 2658 1638 5814 2211 4580 1841 6802 6244 3927 1419 4587 7071 6325 4935 3217 6995 3031 1877 5542 187 2291 5807 928 6399 
4258 6088 5536 5196 970 7196 2733 2109 3880 4909 6868 328 6154 5942 7498 104 5450 2685 7189 1024 2777 763 5399 5628 2735 549 4889 3005 3160 17 
7015 3070 6003 6250 3126 6506 4495 4611 4142 5282 3732 1909 796 3142 5725 6808 2685 8 1963 2649 6108 4175 6368 5990 2977 2768 5164 3339 319 6787 
6969 5405 5915 5437 1879 1292 5019 2165 5253 4310 1971 2900 6820 6652 2077 7401 4423 4025 1922 4913 6932 4091 964 4248 3874 6021 3099 2283 3841 4225 
1368 7161 7202 6148 6234 2644 1632 5572 3922 4732 12 5449 3594 180 4419 2994 4782 4625 1024 1322 2657 5883 1268 2909 2389 7230 109 2420 188 7463 
