70547 39898 13508 35350 60007 4217 6015 6841 25545 7532 48951 29916 59346 57791 21744 11683 18881 62598 853 30100 53257 15754 27896 66940 69219 50030 59225 70915 44836 73649 
31439 35788 44311 67064 31439 57550 64980 29063 20840 59545 12142 39636 14260 72712 61885 74473 15568 26519 58206 24475 62452 19481 7923 32208 69046 46734 63717 73286 21973 29076 
34987 67035 50068 13163 64607 9401 65917 54902 37283 29508 55543 32800 16934 53973 37935 40459 67977 20523 53877 39502 72307 67995 50305 73649 54450 28027 26368 54751 32478 72260 
18079 43360 44568 49692 42805 23218 74011 62322 34730 14895 17531 36392 33702 53258 65085 69168 16520 3897 22521 4671 7803 36167 55278 57080 32767 64463 14235 62668 29858 50051 
65990 55041 62997 24711 34954 22034 53666 29972 71663 18150 58944 70475 66805 8439 28457 63190 23769 16894 62316 22045 651 18829 30034 45286 46080 22513 43186 52286 11410 36993 
26312 74299 17116 70874 24496 33609 48126 42289 67232 26253 53143 34440 28099 26274 39725 61346 52406 70186 65360 38836 49863 56706 26177 62561 73929 69957 10694 7759 31110 14179 
44494 22409 16854 36744 25017 8771 36381 64334 69926 20914 31953 19720 73932 58152 55966 34395 62061 55104 54967 37314 14589 18903 52304 47260 59170 23912 66371 37837 61002 20870 
39855 42411 54672 10025 66348 65620 74406 5116 26609 73499 21499 20492 19 31632 63293 8663 19182 57151 32417 72115 4078 38434 16430 10565 41890 1356 43699 42287 2582 62494 
66367 33581 68521 73627 36922 54051 55127 45771 47717 32154 35625 10299 65138 41297 46475 38294 3110 31117 64972 61158 65938 33470 25272 32606 34490 67810 23042 51421 46342 16342 
54564 41783 58391 37104 43801 31635 24509 13401 44471 46842 72775 63968 41710 62610 4148 37925 30170 43561 16754 23915 51958 57578 61949 49064 71828 56725 56769 20920 23101 72835 
51707 20154 44274 36414 10283 32690 29422 68630 39773 51791 49297 39778 529 52897 61240 50497 36387 16329 24412 53616 187 409 68538 15263 61416 3295 58678 41945 40128 69259 
15389 69573 49794 44344 70189 26523 58619 7044 2463 72515 52792 48371 51948 19388 555 21918 43845 49309 40148 67145 73046 50787 51509 67920 20346 70180 63269 11625 44015 20144 
30910 18401 29533 25763 43191 70487 49353 29798 64635 35832 71744 71551 40373 34095 38395 59723 39977 39049 37371 35442 27627 57712 9241 59858 62795 65851 13029 20812 15560 36600 
34357 42310 22609 4449 9513 36479 48238 932 14474 65102 72995 11797 52958 4791 66219 19271 2400 54843 20157 27814 71338 656 39224 55769 7008 11117 33189 55357 46136 68565 
4520 39814 43110 6230 53697 39839 73269 27234 66676 63502 43822 35155 58957 41992 29729 17770 18311 25807 37121 31026 55438 20181 66793 51657 15270 38379 45941 4770 48313 59158 
42404 4160 27463 37454 31627 22600 35103 74977 29799 72739 17225 422 74936 50601 9422 48434 11483 44896 19132 68830 38707 61118 37552 16543 20694 42338 231 28128 39696 22037 
26565 7528 71146 61962 21037 64244 32935 22557 46319 39221 57680 66151 58738 21241 11949 53133 46662 35353 53191 36320 33879 62610 38780 24188 47656 60605 17700 72768 71062 31910 
32940 48865 59888 2711 15229 52788 11614 48086 22532 49836 24346 14341 2512 31457 50007 69143 73974 34165 71407 28969 44207 14717 36391 57567 47336 58328 46648 14518 68025 24913 
22675 32342 31019 64679 7264 56359 70697 14853 4830 58470 29754 11144 25246 55662 19109 67011 1759 45893 41631 28732 20328 71610 26173 63698 36880 47162 69959 13835 33352 21705 
38008 73368 36196 51308 16828 44533 38073 4451 16727 7351 5224 2193 60620 73713 24850 57051 62213 24364 58434 66066 60214 53999 51585 42047 38843 33003 65131 44475 65206 12662 
29238 63726 57771 52565 8814 71877 12114 72545 36563 32018 67831 67981 58751 14254 34108 24469 30575 61744 439 30981 30085 42804 22755 3775 66477 38339 2661 16822 53802 58279 
34546 35885 42861 35701 39298 73551 15886 5690 63317 38098 12676 44126 15532 20910 71490 68156 18299 1512 42182 66022 14583 63210 17089 68802 14547 39454 8937 31214 315 30312 
33305 19893 42859 443 15873 70840 58713 23403 66388 35051 33127 74524 36365 21652 42527 61795 68314 17862 68355 55782 33834 24891 10336 38171 74556 3778 8504 15269 16237 68570 
53674 38476 73474 38238 2920 32956 14814 26761 59311 51002 45645 68894 59144 72522 6874 48193 18689 68207 73159 60614 22734 64020 38850 52873 50098 11764 37873 19461 62645 41081 
53166 73176 23594 34525 45391 59526 61261 20081 39293 72403 22065 5924 53431 9133 15166 48116 43990 9306 14503 29440 64545 22770 57127 11490 237 71013 74346 516 40735 61563 
45204 34608 64634 50057 34966 29511 3302 65934 30085 3512 34888 40343 58011 14132 2512 71923 66711 13901 8206 33071 3386 6237 57682 73708 35417 70782 56091 53380 34960 18048 
47738 59260 16705 22366 19708 27892 29012 54985 38172 37551 57126 23372 62613 9976 40929 19104 28474 63260 58612 67451 36415 62222 5621 20598 61150 50421 47062 19865 45737 35068 
43251 23428 68658 20187 60420 33055 43109 2214 35580 14322 15601 1132 21174 19325 62964 44931 72779 4293 9797 31371 7788 21032 65287 59623 26543 50034 21815 1871 46635 15487 
34449 53586 48129 28709 59795 31299 19531 21961 25993 35645 31758 16423 65262 61133 28996 66628 5189 58937 27535 26490 58697 49805 15418 60453 24933 38412 44056 50061 49610 71605 
12186 44574 45222 65765 58151 47229 19178 24553 21629 12214 7540 22955 69475 62476 41943 35666 16366 60989 27583 36929 27156 18686 6844 18066 32477 31562 29156 25851 60556 5188 
51070 7677 52083 28897 22232 31285 70928 38896 48277 1339 1515 1578 73222 42576 39952 42723 56141 18984 14566 2353 1068 59478 53673 74072 22419 15815 62400 16135 1444 71892 
73414 6343 29769 42623 39242 9953 67767 71301 44630 6607 38988 61846 67524 41958 30127 61433 8799 4838 35793 52855 68888 34618 35399 64749 5721 17242 57591 60196 49165 62309 
16334 32164 29644 27757 64933 35315 22849 73931 12472 55037 59225 32093 62400 52141 66191 5157 74478 72376 25213 25969 946 47559 29171 53276 8659 56655 6776 23589 3860 10868 
51634 2767 72751 37849 30749 42452 35655 58744 66527 41295 18018 7141 73617 52588 45528 73593 28034 73644 28654 12889 5866 24303 65486 47967 6214 59771 66427 53730 71398 69202 
6239 8743 35007 44747 31552 5722 45280 6998 46412 2816 951 48699 3659 59792 69877 62947 69670 39414 60190 51683 22875 8835 26282 29430 20712 11161 23959 34481 42382 7891 
41669 65700 25862 50866 14218 34284 33196 15482 27128 19282 4445 55049 5227 69152 61686 67109 68053 38971 24891 33507 25483 10421 11966 68181 18504 43103 70300 21602 48522 22281 
21717 22159 35281 25960 4488 50649 52155 28528 47412 27020 48307 38371 7103 69660 22595 2847 63896 73421 29392 19013 3495 67359 23259 69005 24648 60575 18643 63464 7123 16602 
54510 70801 48942 49847 10580 57077 68005 72914 40864 48281 35386 32273 49826 851 3377 55396 5223 35910 71845 40581 45373 63411 68046 10631 39427 62563 32449 6728 62730 69046 
26312 26757 19177 68943 24889 26435 13369 38810 61517 64831 18605 65751 16311 65640 1028 6076 2015 29067 42969 26964 22710 6677 43643 28129 72567 60529 14458 9522 14369 44239 
35311 13506 54662 6954 51967 72898 63264 26947 1277 51962 62627 65106 37092 66896 73102 71105 56897 17868 4242 5771 20114 71921 68327 72088 29989 8371 22826 63071 58957 21168 
44038 35458 63361 67824 37131 35268 9635 5131 60090 58221 25230 21032 8799 71474 73050 820 18655 70092 2353 8965 59502 14292 48014 10689 51561 25740 36917 51605 41155 74451 
46628 51984 38002 5461 56611 40178 7339 13699 38911 28913 49767 30241 4280 21867 3081 34404 22704 28336 2746 27242 30695 20269 25776 3626 5915 56505 57297 11356 13644 39084 
60334 11698 71680 61231 36253 18680 20275 74877 74500 33264 57872 61201 12868 44425 70779 24092 65968 2901 11381 58859 17544 23791 32039 380 63425 59833 70825 20315 71572 47516 
49991 45165 54260 64616 22486 23752 36700 69475 1264 60517 54797 23357 57012 46841 63644 65965 71686 39690 4765 21986 19274 47571 52423 23248 67761 16374 42405 70290 59269 3795 
60567 2041 11487 2523 58305 54657 56391 46752 42346 34405 71367 5101 42890 60038 30683 65783 38697 72776 3331 58895 51034 6913 71988 9638 69634 25480 40512 19425 12039 34796 
8805 14007 35313 66996 36809 71777 46646 66975 40160 7610 69446 6960 44639 29169 13569 60377 48014 7186 3078 36690 13413 33661 64856 36766 32669 40111 33969 62312 53305 29511 
70353 19278 35574 20065 49533 32409 28620 19077 66606 38445 64723 23049 14085 8762 49959 16886 42914 30955 54684 59674 6542 20518 57427 52313 72252 531 1862 33753 7946 47198 
37173 18247 66641 53551 20944 23153 70469 26126 58250 47524 9949 19098 67095 38892 72574 16168 6209 73492 52721 33476 7108 36692 71023 41217 60360 67402 49428 33688 65558 63323 
27396 1011 39585 53539 39916 11098 71324 53251 31450 20522 35434 19002 43024 56604 57643 38653 15654 47882 69464 41162 69993 29034 4119 19015 35794 74219 14846 46926 21929 37184 
35345 25252 11471 2334 53335 53270 39394 23838 17556 52548 25884 41025 16065 11218 38636 61971 53479 13238 45643 57496 58565 14887 6134 42807 69219 1899 40095 47775 66867 19796 
18388 11193 59193 3458 12502 41313 57867 71256 28168 13956 23571 18789 27740 72803 33847 73818 74651 54696 71707 15130 25164 68807 65085 56994 59415 22495 16472 71712 3630 8930 
9423 14546 33053 27596 38650 18444 2235 25851 46495 34520 9341 18004 38344 43080 34301 70108 36190 949 63455 22785 38377 33701 74465 3807 40326 65280 20987 9370 25463 71995 
14197 70765 64109 13823 67135 54825 39433 35218 57337 66936 28000 44133 24449 74762 63899 19161 30407 71677 67968 74692 55238 61308 361 67986 18746 31488 19828 37428 10504 33446 
52040 54043 33898 3484 72972 74600 60873 9464 51784 34437 4604 35182 54 37293 1901 63068 16095 43584 16196 7454 67703 36803 33532 23973 70644 4047 60821 23771 69455 72206 
55974 48853 50006 65707 42725 40636 73506 3227 22196 71502 58912 70470 26354 49043 11402 56886 37594 25166 61690 33257 33265 34054 6899 26586 54134 16078 17753 19320 24649 64273 
39132 50865 11967 41348 64777 21918 64455 39079 55753 10079 25400 69595 60981 28637 16089 17424 17309 14546 49558 41166 38074 30923 73755 10605 12196 4069 42753 20413 13857 52607 
63599 2355 56793 74027 28047 11165 73594 8583 27968 15374 51576 39659 38473 70090 70343 25997 65580 46285 28965 62412 54678 70032 12533 18325 3291 61844 41256 49224 2746 50124 
45739 57296 32671 16950 5902 61075 72041 23116 37277 61882 15803 43553 73852 52566 63799 24371 34577 27246 6898 74061 921 34922 15579 63432 3246 9942 67046 51634 35256 9476 
10218 50043 38988 2446 70681 57805 26001 16479 58920 34484 19253 33335 52391 12119 16882 66 51133 63531 23228 60844 40129 26834 73242 23716 63587 16805 60387 8012 10243 74681 
10701 52492 29043 35920 5631 62669 3783 74355 43539 26538 1803 71882 49172 28650 23015 71911 13942 10888 20314 27082 46207 30166 49907 23626 74022 17550 38975 42099 6988 24560 
16290 23723 71175 7978 73361 41212 14903 18339 68679 71060 45661 3776 46770 70738 67007 11069 26105 40301 50643 42942 37644 9932 60143 71019 26503 6750 42478 62151 73201 24908 
56096 52669 46334 54744 59204 24918 18508 28749 17585 70672 46189 21825 37784 25337 51592 45298 61557 63829 43609 63958 69337 16658 54456 41407 63273 47869 14394 70271 69492 37070 
41996 17667 30427 23973 60014 6126 53785 984 18972 50015 19726 31007 41287 54038 10921 48893 54023 4278 27008 49713 44022 60693 46121 45770 25088 1283 20785 18892 56168 52539 
44677 35207 22032 23909 60644 54123 73990 43445 13318 51946 14255 2662 13042 1548 39881 11213 10707 31134 23200 74129 39394 25619 18403 43093 66183 49128 34458 18333 64726 15701 
9393 68147 29924 48736 11594 34555 22448 64654 2189 18631 18345 41947 33968 22856 48386 3958 58809 71455 33264 13321 18327 52811 37320 65706 31143 29409 32113 13500 26624 64343 
71570 23512 66722 36152 53293 48970 16898 35524 73957 3665 28581 37980 14596 1930 11435 10754 14098 20024 1242 28346 69790 32268 25986 29559 25640 15859 32799 29311 22479 53634 
60352 21428 16091 48429 23054 59124 17907 71021 31215 11886 65789 63502 50690 53607 13463 30610 6344 32441 9110 36515 49936 48567 36692 36504 39782 14996 28019 17236 69812 10997 
69747 36922 49919 21242 56041 47813 45660 60940 45890 41980 10246 62055 17741 57007 33646 63770 6853 48387 21765 54419 29086 5053 48558 38052 49495 49341 19967 27028 59185 53477 
67131 41690 53753 55801 1013 69815 44050 40420 68335 34320 2874 46420 49895 11660 16613 30946 11503 7500 22632 42595 19390 19389 39088 9836 46180 56317 68467 67977 32492 30053 
18518 54143 44337 13155 61431 72646 13370 15752 32251 27929 4239 11570 3421 63356 55362 54036 16335 32164 18472 36098 10514 37797 44755 10629 3465 23641 13083 56969 28577 47657 
46832 15685 49271 16343 40797 72479 54816 55099 1028 41087 1556 46385 36246 53248 53409 19602 38862 1752 46860 67307 15917 69706 62991 57489 4605 58304 70249 53346 9662 30301 
53379 50348 16945 18780 13749 18074 30333 26373 31689 49757 60354 42270 66439 65139 5596 66865 40755 8809 22312 69883 41140 50252 3017 8265 34120 9680 57615 19816 12907 13754 
12475 38565 68105 20322 28062 16676 42369 6040 15430 6802 3469 42053 22213 616 14808 59628 31116 60099 13791 74004 8352 48840 57867 31087 57376 2878 9589 36906 42194 57382 
39885 57463 66944 8716 59315 1004 42551 5487 72892 43270 69519 68973 32134 53161 47619 35351 55197 70039 42189 48218 50590 51093 19438 7341 35950 1774 18017 73702 24935 39168 
74438 32645 44939 70973 47848 65722 26364 70716 10894 29800 29606 38518 54797 14242 65813 66388 34172 38554 42241 58534 10901 70979 2763 23929 44464 1244 4883 8931 72554 62123 
71453 45975 13799 44284 4899 72050 23759 2285 41262 48140 45963 28924 63264 58379 47421 4279 74054 28246 50830 39885 5491 73069 62888 45870 12801 4258 40257 1814 32096 39407 
72 62439 42360 21965 26656 50464 3024 71355 73090 58037 62089 40989 35277 29311 54065 48009 53056 71006 47177 40462 45339 33671 70097 34073 59982 14435 12458 11979 25124 20123 
67606 6209 28133 48165 63504 61712 74284 50134 56544 8152 12189 9967 44452 54179 73091 21304 67531 3454 32824 71879 67706 2578 56844 44869 28863 55691 28173 3340 36012 15786 
12112 46221 55590 66730 32450 45641 56132 56058 70507 39588 66595 28349 48323 14488 62579 13700 2312 57546 37911 57549 45853 53354 37855 17396 73438 69041 27952 34994 6870 46438 
61880 3814 53252 32010 54868 71938 23973 42345 59662 38618 57629 29582 32129 30493 55658 58466 38346 38661 26740 55720 66325 3361 64422 37950 8256 53711 25874 18634 70996 66221 
63963 4013 6745 7213 53560 33092 20842 36625 33269 63914 52704 11196 58580 51792 71024 19515 67133 72240 23459 29874 32121 48054 23749 28361 25740 63259 56172 56927 60577 31001 
73880 4724 49563 43830 66967 54439 21566 779 50882 63101 74602 60419 66757 67209 3769 49692 23804 56116 45474 6888 30950 47826 4494 53559 7546 61357 73259 29181 32499 22490 
72110 2625 59992 47381 42313 68112 47752 48713 19774 25390 71372 66763 72885 23826 59762 71960 14941 18066 51342 35150 45402 13556 22227 50013 51170 28605 49890 22697 13735 14235 
37676 50632 744 3455 60675 16166 36150 16191 74571 44960 13278 19025 5481 37221 5121 2581 37932 44794 58684 68121 23046 20865 15706 14617 20469 19543 33580 56389 27745 12812 
21483 50910 36638 34369 6527 1633 48973 30025 69173 28473 30845 46195 10345 16538 24697 45211 10722 63237 17714 9923 14815 43088 20906 15449 28466 22971 36753 26715 4804 12436 
69936 7349 58832 44465 55135 2492 57747 29275 54636 15731 50997 19561 1567 48558 45803 7802 20481 30452 15509 28213 60529 26138 67198 48662 23675 51794 56152 8174 18143 15774 
57078 68694 68134 61645 37389 32182 40788 50627 54948 36650 27253 50662 53255 58467 9822 59004 51251 32501 69308 55881 67730 32951 25226 68012 66767 52614 37036 56689 14792 54326 
647 66871 64283 41222 9023 46722 32652 67393 40497 43190 54347 57438 9826 45364 17858 54329 53861 4583 10196 21914 10712 20560 30811 50939 17305 59842 35892 37720 55971 18647 
62249 9220 26626 10957 12073 26805 10530 7805 21280 8879 34207 36525 54182 67994 459 31822 16036 70989 48143 48511 16726 41592 4780 1046 5521 3570 66016 19743 42417 60546 
26625 22267 29886 68462 56840 67974 25179 47753 55427 67745 61993 49979 29997 33302 18293 4237 8765 26809 47629 24021 2790 24077 11327 264 55395 34430 66855 13202 47464 28423 
56426 56430 14155 72608 37826 17152 56121 55413 33781 56129 40284 50780 60766 56553 72946 24850 4413 3934 36848 18496 7406 30032 34823 68560 56333 14063 6549 71194 26994 23009 
56115 10135 56678 40886 64642 30767 46852 37506 33221 70617 43327 4312 59788 25451 748 45014 1612 960 23474 15423 66232 38063 5958 2802 15309 3459 55086 13279 45037 58673 
35342 73081 58069 10802 35232 8054 4593 35704 22415 56068 2375 13950 69542 44348 15277 5979 29564 45598 12428 10582 65688 39566 60494 47346 38836 5195 13253 36350 68349 21433 
16954 52331 20437 14795 71834 62849 32245 10531 13855 70430 30030 23997 47841 53087 67069 44543 32412 59404 9833 12233 70924 64833 20610 12688 72553 49056 21383 19813 63828 48286 
49670 50659 23986 52145 27036 1361 17157 53017 65359 55806 30480 64476 37917 13676 27846 10285 64860 7489 44834 70494 17222 30711 1767 24067 20776 69792 63840 38663 74955 31140 
72918 12315 67525 65846 8534 41739 5603 70506 687 13158 23040 60303 61716 6796 24934 72936 41733 67690 21075 53229 16147 38516 67365 56390 646 62790 52867 34923 53727 21479 
44073 27987 70898 38796 30707 30987 57303 46158 20861 38145 70629 44075 28077 15810 8043 5979 48233 46354 46634 16467 26757 13176 31345 50080 62027 61366 51272 60977 23625 13038 
58665 11586 19280 30218 68136 32458 4505 42869 35658 47801 66212 49266 66438 43859 23589 3204 49576 32824 18836 34733 74294 4745 2761 61343 24121 73076 28817 60362 46197 25103 
19649 72268 12779 959 40784 6081 26190 2287 52214 37040 31408 10869 44738 46434 40993 57086 12728 63082 45783 53625 48973 66149 23925 4548 23951 4141 35050 53451 47402 37473 
59489 69790 58094 28540 23629 62358 74969 45189 37919 24170 18296 48549 74773 27621 11525 11766 56575 22395 67661 2243 45613 9094 27851 10367 10519 53108 4714 32444 68123 44286 
11063 21101 72448 3216 66139 30925 47711 54552 2918 72714 17371 12673 66566 55128 9460 27281 46062 53656 50167 25262 58889 51 74269 48529 150 9597 66894 22349 23801 49639 
59836 17378 30398 34152 6547 70364 2852 26760 2131 56793 2508 6256 21804 15735 52489 54554 57311 42263 520 73449 53868 66929 14823 13929 44595 37965 48810 71256 37063 73705 
1357 45546 51441 50963 37104 66582 10145 69050 52966 66187 9777 46158 73715 47695 47084 28134 42250 26745 4289 21039 47146 37418 18029 2835 694 71901 52035 74567 24112 54333 
62878 74906 70753 59315 46658 61253 5309 70642 7408 8357 27223 9987 64267 52743 35803 56779 46833 15864 26380 8790 32125 40107 28285 43744 46448 59413 12566 17317 31507 53602 
22905 60916 3007 12173 5096 27747 61535 24767 14242 12800 70129 62239 58721 44211 60798 42627 25767 22436 20883 18822 8020 54587 53106 66031 9502 45115 6012 43104 2367 11569 
72802 64714 74917 13536 11592 1050 9238 584 24376 70112 40090 51387 39601 28393 59310 8149 18399 6009 27840 5567 35899 30034 50081 16822 71791 33330 58897 59717 30807 41376 
15404 54083 15229 49583 53003 60305 19271 44007 73520 45083 43374 7226 30078 11765 72959 61136 14216 31927 31303 63337 41567 40509 31012 17939 67959 5271 22318 37168 60580 34001 
49278 49602 4591 48433 1491 52918 68294 16474 67461 72735 55637 71979 64396 69898 18001 49502 26822 27510 13040 53985 24016 62858 23057 58747 709 36559 5820 30114 21405 19852 
31723 1653 13967 16356 13182 44607 53884 38832 53306 51396 48437 2079 62328 33540 44149 11435 27740 44781 74543 46620 40195 47824 72109 10388 20998 28783 73184 5841 25965 64912 
48468 40323 72869 20133 21764 28182 13511 50464 7132 19538 46575 67942 45446 58662 31775 71469 25700 65057 38933 62861 33154 46225 62203 24048 56285 49350 38788 36284 169 56336 
9168 73104 68963 51299 12368 74311 14802 54198 24273 24260 23753 59107 12621 5234 67873 47665 65497 22415 32326 72461 42189 66371 4853 16547 65042 74553 12609 48327 52722 17069 
41462 71812 57527 54448 48467 62236 17203 25983 37159 31388 57329 28933 73127 8535 17821 73792 26272 38812 56399 36446 41952 33937 30909 46183 66987 860 17522 42214 42182 68752 
50688 50730 47194 19214 59544 4765 59508 5235 36291 61154 74615 22872 28490 21272 42911 40031 17111 27885 1009 71603 42998 66540 46244 27115 36094 21916 37151 38113 33131 18411 
7429 42523 45991 2632 33473 14661 71468 57663 59909 66397 52412 13641 21354 36865 36770 41260 29894 72452 62077 21321 55354 22158 34101 14354 40213 73068 62338 48883 48579 54887 
21788 18616 62601 43095 227 66830 72598 69275 2247 25525 1842 12744 43571 63942 9836 62191 9378 12092 7671 19011 32519 27158 40441 33381 72317 7780 52252 27536 44808 22493 
42396 55096 56084 58372 38169 66190 65550 12713 65041 24460 22746 3697 37206 9513 54245 6577 59627 47964 44349 35712 27445 22755 56346 39029 23925 11358 18854 23050 67618 12860 
12204 76 61564 28509 61825 206 13994 10229 65743 8369 28866 14146 7123 36283 50770 11510 44699 20270 43747 56866 20462 36309 40110 25355 53996 63418 23551 8322 23132 44871 
43161 70364 43485 30635 34398 40415 2849 56025 53360 40929 74765 39161 14524 26005 46918 32391 58794 14837 49808 73717 17290 37936 2637 33674 33133 57046 32633 73226 46280 70857 
65479 28218 2928 61071 59414 44610 58361 17171 24070 31145 20574 70505 71837 52538 41069 43584 11147 69878 36399 14703 74986 49971 65061 27542 72983 74672 40996 28212 27641 22487 
53063 14809 56813 72305 74390 15283 40076 49064 43159 13120 4968 74572 73764 70291 5109 56951 38910 32134 66800 13101 11934 32474 74319 21279 39418 62387 50147 49311 18380 38927 
60884 29084 48849 22404 18122 45801 5457 74581 64619 59233 3273 56702 53777 67318 7999 13029 62995 31591 3354 23228 841 60115 64326 18493 61951 41092 60828 37991 37300 53096 
42035 45023 53979 19708 48479 60793 73304 40891 67773 65613 39896 65117 41452 14003 24754 24111 59123 43381 21426 65481 30142 23174 1851 46392 34487 13777 52980 57044 8219 35814 
18202 64677 58564 67712 23900 10287 50332 25225 27592 56378 3655 27238 12139 13381 17937 3929 64423 48107 11213 62217 4157 64448 36074 17931 63435 15123 24932 4115 2594 20929 
50932 43872 16883 23102 32146 6004 57482 70615 8522 5705 49464 45964 64054 1184 28017 21874 25525 9518 66632 37108 16240 62426 27683 29157 25269 16034 20959 32116 62715 37646 
44554 63758 6832 50573 21847 28802 40028 5448 987 45165 3621 65910 40920 22044 1849 72033 39173 55887 64340 37170 72144 12272 8810 25367 42152 4081 46182 71406 22858 39665 
36085 58939 48069 13789 16437 49889 64920 43083 54233 20078 6730 29888 6732 31120 74592 19495 23976 35713 69512 58802 41065 37076 11426 8618 37213 60419 20297 32840 12663 69834 
57179 48853 47819 33170 3105 25759 61537 21985 74616 73649 14082 22654 54649 3656 39562 35526 48081 7278 42934 6372 50735 61134 4690 62318 70386 28673 54314 64232 42327 59220 
54081 13390 20400 800 9860 53889 48395 67818 40617 41030 54602 44704 25917 36151 45796 48515 9022 23604 56494 46991 63474 5413 53158 38608 60788 38062 74366 12760 54933 24750 
3076 67822 72331 60210 16333 40219 65292 8450 34467 21054 1492 27921 53833 38715 59566 17420 35451 38455 37312 61728 51950 3205 9196 56091 8193 69433 60641 70763 63358 69141 
70387 18182 4928 20819 23279 3368 70625 35739 72279 11593 67139 3031 66527 16366 5832 41046 59763 43451 59264 36371 52622 48329 74920 17377 48407 56844 51640 72127 28666 13599 
43666 46161 41325 9027 40005 30588 59806 21679 40184 34902 68989 58694 73315 38303 63554 64158 39755 30534 12570 34908 73446 526 57190 28998 51490 48060 8728 42213 20076 63412 
65758 67685 10980 27600 13295 13100 45308 36969 2140 7016 69809 53343 18806 61753 7405 4028 74718 15634 742 6769 45032 40488 56974 8928 3954 74660 17822 62128 22622 24835 
25367 7198 40259 32852 40419 26516 37203 606 58594 5039 58103 32003 3076 48746 33727 3042 9033 45279 58252 49088 21999 22675 67638 32804 22860 20069 71439 59744 22369 8409 
1350 42233 36649 35101 14200 43051 64464 30059 74438 16897 57926 25711 53043 43548 43707 47913 32909 64102 15063 18372 47061 46718 74247 21169 34382 26672 58205 8891 44174 15490 
11526 34541 394 29042 29964 60464 29473 68111 3380 62345 15849 58637 19204 27928 32081 41663 56429 19090 9293 11005 56341 52488 61586 4394 12782 18304 8393 57177 6970 73602 
60092 24650 9110 42610 28231 60427 30355 70543 46050 4834 17382 8152 52202 72478 12230 34302 31146 34043 22084 70838 59918 10879 17929 70243 74358 11351 8918 8644 71723 30427 
48222 8181 17625 39685 18760 12830 56014 37013 68083 21752 40358 37024 9421 51513 18160 3472 44792 26510 14756 60321 8746 35782 22684 14438 63897 54529 44689 48818 14537 544 
22473 21562 67084 37496 63910 59738 7224 52768 50283 53713 28199 21937 62120 69290 50110 70163 38240 26666 13654 26675 24177 4381 17247 47435 68868 26275 48523 12512 50963 59589 
8087 35662 19930 66386 42860 2810 56039 45741 8620 18175 24501 43524 1186 22992 68447 39728 11085 29266 23956 11700 64482 1758 74846 12250 37693 54519 70895 58255 5621 16849 
7114 41180 17992 41462 50147 53540 25035 19376 31330 68178 3820 56574 14878 38423 38375 28099 37738 60974 33131 49376 26503 2890 47146 46336 8699 68368 43329 784 51195 1827 
1962 40755 24484 71694 61544 47012 24133 58 66836 354 32070 39140 35303 36889 53331 22345 29335 16950 36755 35386 11562 18822 53466 9400 51968 19573 17553 20068 47111 14263 
33615 7786 69670 46596 34698 30034 68837 14514 22385 6373 17767 34018 16089 35573 301 33325 11850 6316 20324 3357 70385 9366 59804 56770 25723 2004 26547 18724 73571 59727 
65725 60794 33272 15351 27318 35308 60740 43718 35244 24633 38866 41048 14202 37011 22934 10766 55226 28688 71680 14201 20044 34114 21027 33993 58817 52964 23215 24166 42031 19923 
10169 59573 10689 29982 72858 71134 21642 21277 11930 34662 43636 55109 39956 48955 26300 25903 19763 32414 51576 47773 12743 3994 32862 56893 23015 50630 53775 1152 44608 49679 
48159 4645 67264 8681 54166 33591 70377 7443 40824 4536 15315 61269 52398 18252 68973 26566 42262 66773 72863 30999 72188 41623 34491 50596 1155 56053 62903 26586 3659 11079 
38163 18830 2666 55438 45 14128 49984 50578 48979 49133 33384 49184 41967 50206 15864 50394 33139 19979 20167 35256 2940 47644 13826 10786 55867 26709 7321 45834 607 20893 
10337 41119 552 13107 37226 17238 21066 64467 19682 14391 39841 25975 21982 18877 70977 24539 51362 53512 32607 33804 57729 50662 45780 44758 24946 49982 25661 69260 66345 31988 
31120 44329 43127 26120 58823 62005 52945 17682 69043 72844 39032 57174 37004 30847 56612 65361 29279 52563 26864 35742 68138 35317 49553 8790 53544 5034 45747 71779 43965 25663 
74514 38258 66871 56774 42768 5180 54192 186 14783 53085 51378 38386 47953 30881 37634 31432 8175 185 34688 35282 50758 35139 7514 41949 36208 52653 13777 1533 37397 67726 
3771 31115 35595 52586 68359 3662 66503 68294 28146 66947 6559 33476 44751 57722 37353 8422 59575 36897 14907 50639 46648 73240 8501 47143 57424 35665 30337 28351 31934 29789 
57615 21417 21485 45421 736 11754 9019 9888 38341 56092 66419 29360 40397 63652 70946 49375 59354 65571 44420 33628 31211 21391 3458 50333 19853 61741 22089 22028 72908 30678 
74905 70365 22267 57532 60189 74385 40825 47885 60950 60473 29167 41094 61951 10747 38676 32878 19518 73674 10006 918 41666 41584 31690 59898 53671 71263 37849 38126 13634 31067 
30340 69259 36295 71642 69841 24454 11386 35266 47144 29379 63643 40512 53858 11654 69902 63114 37970 44886 15190 2961 24990 45372 62544 26780 63025 74328 67967 67541 5337 48975 
36320 14301 43272 2064 47254 14395 34948 59356 52808 5598 72826 58955 59383 17797 55489 32123 23553 7597 8965 7148 42985 31960 46622 22969 72630 47079 36373 60309 69410 30765 
45674 54403 64408 72078 58967 71943 68782 49382 71850 1236 45105 954 34051 35659 6860 22090 61316 56176 6214 5978 62974 65357 57582 72246 21093 52425 4134 24540 18015 20911 
58121 17469 21447 417 48223 73796 16509 57185 26433 19588 11816 74818 54904 56906 48006 59587 57892 58242 3244 42656 24854 66921 57786 49363 53927 42046 12965 15470 63253 72598 
12838 27925 17459 68825 32037 42825 33875 17752 27300 12614 72361 55014 39021 38620 62492 61536 24923 66976 17748 30382 43873 64465 34338 33242 1542 41895 39903 44243 38974 57605 
56970 69931 12651 11234 37115 28648 7586 32478 35051 32655 56082 35133 73554 3118 72711 70186 569 41489 62487 36263 25353 3587 10710 73247 19417 67047 49780 28553 57227 38771 
66236 65905 60319 74772 14073 73578 56073 18424 35868 19335 73055 10946 22889 66237 23357 19064 68969 73715 2399 29686 40581 50024 73082 156 10329 40144 14793 24416 11581 48715 
62585 35216 65173 70485 2039 39420 42060 49422 55764 27513 69460 25176 52955 58468 71492 71645 37862 57201 30787 4084 36012 20793 39102 17848 71889 43050 60723 16359 17924 60305 
70324 6410 26745 13762 38192 55752 33649 16410 13832 705 5551 52215 36464 726 7834 11253 64906 30622 14714 65097 44406 56190 20694 29147 21505 20146 54556 6912 69340 53604 
24078 10784 73809 36431 13136 5504 68241 56651 50661 53945 12583 61762 61694 66135 52547 19737 4362 74523 20322 68848 72122 37401 67671 24401 74136 36555 52386 38306 17183 36033 
71984 41982 59657 35052 43695 2890 63315 34004 1843 60080 14357 41211 4909 30167 65407 71682 68644 2849 74457 62272 12168 54957 27501 24938 36058 30992 32960 26069 63224 61339 
50248 2358 13729 49375 69 50577 72583 63202 29578 44383 25994 14240 41753 3451 74858 13854 57902 32947 65931 20613 63216 61470 52120 69618 24684 33583 31389 40358 42502 68462 
28342 40539 51784 58201 16689 11767 8525 57815 42257 29253 39881 44291 60897 28767 70656 5335 67103 24059 60485 12878 5311 37495 74331 67192 33322 55906 1461 20303 40155 3368 
46805 54715 47134 49454 38302 72613 70354 32269 9611 19270 11708 33332 3367 18982 7188 52269 45794 9039 53807 57784 33878 61009 12891 27243 69041 49042 18770 58897 3792 3318 
55947 43080 25315 1505 41067 41357 3017 63645 42860 17680 64504 13512 71059 34749 41613 39583 766 56572 55519 33300 3070 8564 52498 67428 30065 51216 42842 31738 12072 18556 
4799 48997 39417 2298 27020 21766 58770 73781 51238 73354 42214 37648 23516 21656 63004 4315 1110 46276 8176 11045 35870 73014 26862 39094 20836 32024 62483 31901 2065 9846 
3336 20921 34157 37288 69775 72089 43355 18924 38904 50518 73829 70120 36091 28731 12138 60258 62010 5653 43351 52322 21914 20572 69077 30551 40567 19077 58452 36964 33402 41568 
71928 26121 11707 66038 51434 37414 51114 31140 13916 48059 3792 36714 6228 7364 13551 73263 60056 37095 38976 25321 71216 20875 63765 26037 12202 39281 29112 36369 59524 39353 
48170 32344 22087 20023 38645 55942 11203 48745 59780 25280 9988 25581 10648 72562 27525 50360 27880 71538 16905 11632 70223 56573 24784 52927 40631 9970 27311 29593 16032 25118 
64731 43571 2967 68019 50001 38423 61565 26815 65233 23684 11746 27006 65581 53932 13889 57229 17004 66911 25584 26188 51159 67915 22720 46882 59688 39034 47140 63314 50342 67765 
21384 8899 62645 9311 13161 37489 50518 13796 74462 11084 67828 28087 49181 52098 2595 46963 68448 3215 6952 34058 64507 27849 71251 51905 49322 6475 52567 6118 24913 19571 
9112 58863 27204 17038 35236 16812 49486 25271 45101 34095 43620 33751 24595 1493 46669 70032 62062 65247 11892 56826 32721 19991 33403 59508 32705 8267 8486 18549 59531 29737 
6480 38111 61866 36463 69815 48408 68075 8453 65635 59190 34972 71102 24512 26738 45929 50697 74999 28862 69626 74143 68010 39360 72308 18487 68108 29813 22452 4320 40242 9986 
47946 22585 40822 56372 15434 20293 63713 53964 27340 265 51629 20373 17752 15817 5534 17429 17900 65107 44551 42169 42913 60088 33569 40455 66494 70823 12082 107 49056 33324 
7527 25084 53652 55396 30108 14210 40673 39226 69602 67976 13197 52679 60517 4354 60505 21033 38094 68294 12554 72256 60089 3678 65379 46214 69106 56078 73714 25124 52255 38886 
38690 27994 37973 30100 44792 46617 73932 43509 72714 46690 14417 48529 20830 34217 27025 52946 62424 3382 51574 2927 6210 57131 23567 59193 6391 66784 18273 44573 54906 26326 
3652 35034 6767 56757 10702 64028 57260 65809 17559 34350 34053 52437 322 72822 39138 4242 2658 44568 3025 49297 15322 26227 3917 60887 58428 35514 48223 52951 17597 70319 
39254 55342 35026 8753 40911 61953 42546 1565 40524 67219 25509 33977 68484 11382 67229 52073 31673 35085 1112 27932 20697 50429 52258 15842 56160 39388 36453 10690 62365 10904 
38886 50683 1755 15580 4242 46737 69000 25773 63537 77 37018 29804 70893 50764 66333 9873 4761 57466 54795 72676 21288 45045 63917 43889 19870 37198 11607 38517 6438 54254 
51885 60129 40753 43280 29525 40961 27449 48566 3152 6688 56163 36923 12735 34387 73207 57045 29415 29119 27077 74497 41524 16169 21446 73417 52240 40404 31841 1874 46715 72832 
43243 60534 57002 24614 28029 68856 50616 6951 24104 40870 40488 46860 19566 39527 61288 58542 42408 6839 41948 2924 66605 46711 21529 1368 73336 62340 1772 13957 19835 50249 
41013 50535 2974 41308 9123 19425 65141 48627 12805 42029 17793 50190 36688 15348 53228 38147 25381 11173 23666 31263 8603 8832 58839 18010 71273 17205 33693 26420 10772 61315 
62653 46867 55994 4823 16961 73552 66888 67523 2710 54627 16894 44588 68734 33523 16413 23292 42803 59449 61189 35042 17863 8366 755 47711 55219 28569 46127 40425 15838 32574 
61692 28364 35861 25046 44568 30 10730 34039 29258 47378 31006 20219 14526 34055 52766 70949 2895 65674 25431 6311 47990 64338 23783 35180 876 15570 39931 10932 18928 50681 
8381 24807 73852 6891 3954 53305 71688 39426 268 4394 69420 58298 55706 73927 3875 57513 63878 19553 48079 35536 45129 23686 67294 3989 18342 74586 56550 6838 3363 70726 
32931 27630 44064 67754 32004 68359 55675 35326 20380 18016 70191 71643 13440 48925 56815 35281 19950 39260 66226 67512 25009 47883 26269 39856 63104 69801 67671 15498 43523 44612 
48018 47485 23763 55526 26734 19658 68231 66872 9230 64203 4563 32418 72549 16475 52545 44515 74050 6644 24275 59410 63218 12727 13614 51504 73960 63733 55208 30476 66952 35061 
39369 71679 48121 7715 16327 5198 46416 58893 29373 52204 9322 11319 68643 60113 6217 45251 43855 67894 12878 45613 6181 68338 73324 20177 70268 72953 33368 24104 2060 1434 
29899 55708 38219 43475 19494 1510 5096 10272 25200 74230 810 56515 30652 64312 38373 57209 58940 64958 73150 1127 16637 68617 8113 13131 13595 68259 59681 52039 17938 14396 
1850 55864 2019 38094 63765 21194 24789 51385 492 6644 39906 33519 56321 57737 59541 57443 525 42116 58009 26336 59738 49234 40865 20195 5517 70568 34289 19908 23160 50072 
8984 55050 46780 38530 26282 37513 13664 68630 34685 49641 25257 48361 66529 16337 64077 22318 68747 38220 18507 52290 73522 33874 51770 49705 27529 48262 38200 53502 68265 62028 
13263 66617 12003 7409 70066 52009 65568 61601 73348 43014 34109 45413 32007 20141 43911 14511 16911 25066 30805 37734 13780 66193 33290 54591 13787 67413 59594 21719 6022 7053 
35029 22902 61944 52917 51482 47081 3933 57871 40864 62823 62024 13483 13809 43010 2710 59032 13351 47159 42712 25786 12776 51048 19404 34526 67509 34780 73815 28006 17 57668 
54753 57768 14739 3944 24540 8139 26677 34101 40059 39853 74820 22947 59526 20874 45446 11878 53846 74416 47228 39841 69034 21366 31423 74336 18541 38644 55934 59172 56323 47800 
49961 24780 10465 37291 9693 67592 57447 41162 58052 63476 24162 45803 34753 6460 41723 17602 8735 71838 52493 36923 50705 23805 43645 26373 12255 26930 41945 70957 66731 65825 
16713 36399 74041 55065 34793 4971 50294 49200 60404 29668 18082 37086 4124 54314 30377 40256 52862 2090 58577 68647 31782 11356 59167 68827 1996 15314 71834 9677 20251 11199 
32505 2534 39341 65661 70895 57748 10771 15373 36700 73111 53771 44547 23376 33103 50580 58789 63297 36327 42144 8178 47690 14392 5159 16531 54373 48506 11927 15221 33473 18003 
42061 8744 30546 27970 9659 18811 69174 43231 76 16748 30938 42611 8895 33003 52181 67721 8437 61407 12307 20660 32969 26530 57601 22424 53501 60749 61247 11369 4798 5078 
44633 59681 2354 73813 51199 28844 74056 25807 53088 74806 42155 20061 48296 71561 28928 43512 35050 13219 69466 1834 13881 9939 56006 19203 35175 11060 12441 56608 11635 42555 
16119 27562 12131 38681 17111 53861 61031 26721 10022 58836 10425 22317 20904 13037 26980 49588 58681 62510 11561 20349 5702 73854 7979 35199 29179 68820 67951 54892 63343 33372 
31668 53363 46929 30015 61811 50227 24981 3578 13232 50174 46601 34202 46068 2596 65149 14660 73111 65494 51066 15471 640 70973 52365 61347 57105 55682 17603 10857 15995 60544 
19364 70232 53570 34577 6688 5177 25699 2551 38538 5057 56232 64834 3817 44028 44840 32955 4405 23995 2573 64771 40102 5136 42463 37323 47281 46254 34969 31317 36292 44621 
59241 41638 8943 21286 36467 2233 73603 61119 37170 56965 27929 1803 74080 70495 62999 40442 32178 45481 54925 28149 31989 49236 52636 3368 51632 35125 5043 19530 12440 47926 
23790 260 36799 42630 65212 40719 47176 27063 68352 27426 57469 902 16065 6665 58112 10816 41144 36096 50977 43965 53922 27832 43629 41576 10761 48946 24004 73388 59225 14399 
29911 7653 14869 43774 60723 32478 129 65217 6837 33337 43688 51119 26407 67885 28030 56786 50716 37182 61075 50963 21579 15277 17095 22686 33921 63701 1110 14677 12120 4168 
68335 7973 67881 27889 18107 59307 60074 3493 46117 10335 45284 1175 20211 5893 56296 13840 20506 30934 74908 64765 55014 16584 32514 18766 66082 4015 25616 72529 20782 28940 
28867 27369 20489 19666 9819 72583 47039 48348 20705 25604 38266 49847 72645 69834 43477 7229 51141 24856 34727 59654 70124 6535 44051 31923 38797 26190 24190 52719 5488 36945 
12132 66929 887 45225 10821 69060 10369 52369 45437 66500 56622 6410 29357 54912 18720 23663 69453 68589 18152 68447 39405 41747 20809 61479 36645 71291 21254 53002 23212 66640 
55456 14238 12327 50573 4709 61109 12162 26681 30215 49585 58499 10942 31133 45509 5808 17643 17977 5576 12152 35271 10508 26710 73053 35685 61405 5355 63734 69774 38771 72562 
12905 66484 63458 17161 13449 41735 46758 27833 45468 70958 58688 15701 24036 51399 15459 40080 49938 19240 60115 64729 72365 5710 28236 16850 44367 31158 1557 24702 41175 59727 
43975 4416 26652 65904 64122 57167 50053 40774 2838 40120 10481 35794 6266 4877 4072 43067 35902 73450 13473 17061 8889 52006 9186 43876 49371 35788 32642 54847 44964 40216 
47803 61954 8582 32142 63586 60063 9290 60294 17611 9633 63769 24701 51357 68065 7062 1615 16130 63008 56227 5526 12401 73939 20554 71648 14167 51922 30410 37855 13346 44909 
44856 62411 20540 64291 12970 2463 34021 24404 1647 62289 57624 25442 39855 13324 28334 54837 66066 58553 55495 10783 61270 31119 2156 31431 35895 70055 12444 68477 16200 5150 
40078 48881 2040 66922 9819 12768 51427 10957 71798 58234 41501 56085 47423 67696 40986 53615 32175 29688 47197 4867 66037 32870 70130 70126 13307 11202 59747 30235 67105 18785 
41025 56149 32866 72497 11023 55325 68156 14688 69511 7252 60368 24971 32193 13619 59064 28962 2150 66429 2843 40444 26602 33476 27073 71940 45562 55046 14663 63558 34365 43788 
68091 31369 8458 58466 16759 64276 33563 69791 1354 11357 63505 55711 70566 22327 36941 67153 48565 58211 55742 28145 40730 10752 63789 21090 63465 29952 47728 25373 52340 64222 
15718 12136 7962 25688 63099 59160 10397 12395 56866 15116 70445 10784 8948 56375 46540 35830 70958 26448 62890 50726 48006 63855 61238 45442 23511 60762 67573 39853 25153 15070 
15316 4711 27135 6636 10456 74716 17811 12317 62665 28954 51114 48434 28814 64135 1814 72211 35995 3777 72371 38020 61684 32022 33019 16810 6882 20347 45066 464 58412 23758 
2560 69672 42270 23393 70721 18057 41822 6188 72850 9743 45521 11677 7822 68660 71842 11218 6784 26821 59556 45882 52150 19890 48761 32256 16303 13278 13003 23117 25873 29761 
41788 63269 48491 38163 34934 63128 19750 27443 67468 3972 69938 66517 2758 46343 3143 29774 58949 5757 35449 7948 5590 69543 21044 60666 5537 38990 34420 48790 64507 39080 
25952 13337 13530 23322 40395 59129 40125 1071 62378 32508 45915 52314 74087 58642 70635 9682 36945 13284 3976 61012 37071 28131 64268 73480 62282 71671 56237 63847 13408 59941 
49088 41496 3634 52946 46125 21247 6278 65768 34338 63696 36004 53294 68125 29071 68916 11742 65185 64587 13530 65928 46157 23262 12569 67068 1203 36630 55867 35592 9830 48608 
48704 62584 73777 39211 67083 28276 23649 66923 20023 20890 27957 12870 26816 55753 58052 20078 11475 15153 67778 61052 64271 5631 72214 47280 26409 46886 243 13225 5661 42651 
64550 66016 1067 24689 41209 3092 65102 74859 19829 71694 63910 42221 41707 43352 62863 23639 32923 31973 25172 38727 55226 31374 24851 5566 31989 62567 50056 4890 32748 67853 
5466 14834 50288 43647 36438 42264 64013 69782 72357 54089 74179 59860 42118 53273 46967 53296 32620 19508 6856 57430 45557 56890 8217 71077 6626 12639 20486 33339 4852 37593 
13068 40657 33386 46264 48761 864 37474 68663 11936 25225 38466 17008 45086 9392 47443 8736 58399 43783 29039 401 61724 44302 33278 35763 47144 16899 18566 44383 64132 16401 
9818 35044 62611 57336 37309 69746 32770 71573 56776 52425 35656 27510 49843 3055 30244 29960 29316 32108 56181 6657 25250 67267 3493 68024 40306 12828 3866 64707 34671 31804 
66906 63075 35265 73857 40310 41802 65362 40112 70773 66494 17978 16241 25568 20083 16071 24594 38345 39039 70062 3238 58774 46485 35479 3721 11720 54849 50621 38222 56055 57071 
37722 68270 7254 3788 67233 68095 49636 4221 58078 71582 42577 36287 74707 39631 2830 14110 9651 21186 63054 70032 35116 66148 25418 62067 61888 6668 53551 37169 60596 54413 
61977 34533 13393 27550 35655 25135 57684 50555 25436 16910 15650 38351 21101 12036 11904 51959 28640 15815 35124 158 45482 57970 33360 3340 14468 13323 49220 10376 4974 63683 
72433 35196 54785 51465 45285 52288 49273 9870 59606 6009 64608 53230 24067 31120 63432 18440 30590 41356 10549 60646 73146 26381 68109 37393 8432 64305 25809 39235 5148 26186 
19923 73479 72086 23497 43843 47641 43836 51450 60057 14608 16235 63457 46143 58608 74441 41211 38343 40491 35179 47360 58528 68051 30711 42326 65378 49445 63848 21172 63640 46378 
18653 22347 2958 69761 64786 18892 47636 17118 34920 23646 26778 49216 32721 61086 41324 66592 59573 41515 18192 2738 43546 34739 65712 27216 72962 40552 34644 5135 36726 54803 
59091 19511 51562 14522 25503 38385 31833 11512 3263 11624 52024 69365 47916 11524 12298 22023 61712 4298 60885 70698 35012 73905 24726 59891 52603 23193 16604 31715 8356 51054 
30398 61154 26339 29232 9624 10709 74933 53481 4785 10828 664 31890 33517 37643 20564 28859 33922 24602 31461 59827 43095 70128 10857 43545 52588 73213 60764 72538 27173 39102 
53253 67245 42324 3109 8129 19358 60504 9646 45154 3877 58706 31344 18957 66856 62318 14566 81 15011 66956 71989 45961 17846 61750 20528 53690 20336 31599 5243 8994 13628 
21850 40406 71157 40850 7273 2397 20470 39436 39724 57943 15866 19247 3466 56248 62552 74939 42393 16638 61518 4541 65876 45874 55493 34032 60283 11936 40033 7631 64365 9973 
29977 52454 70547 64253 1247 29744 25560 20399 63013 11726 2538 71734 25391 33663 15118 19133 35140 56429 45768 9241 34000 49326 33356 42209 53955 9300 49252 31345 43539 33196 
15759 10039 52974 45071 22067 8405 13484 22650 9903 12577 18134 39922 25067 29713 37350 68617 29457 68776 50 42806 43317 40006 43018 69377 8097 12903 76 10902 53830 31695 
66400 53598 37927 25966 54612 51721 9412 48499 30000 27948 25397 8442 65399 39385 5817 10739 71748 30112 22114 36704 49814 65455 56023 62453 53577 46273 72643 30545 47731 14359 
11341 60204 24879 9030 17223 53096 3693 24818 30123 63339 40636 68661 6904 63323 43214 8723 27383 15097 36570 38744 42874 5832 55489 35642 17181 47425 31076 44578 17852 1363 
44048 43635 686 71370 21255 16503 19657 21434 74072 5070 31845 31636 53410 51225 51472 47743 26155 72022 43195 17239 24545 16999 8103 46659 63588 24729 28222 61227 23437 38860 
46154 16675 33361 30935 6262 32443 11759 28598 31493 58190 15590 59550 29524 32124 68514 11739 73008 20954 6953 19860 12385 59544 14848 31408 43706 72970 40009 26955 69569 67984 
14730 35621 30737 4010 7398 53973 12347 43568 13371 71477 32363 29577 47342 32498 37231 17359 68366 14926 13001 3219 65634 41063 32931 10585 29106 73585 29249 42110 16440 55529 
38830 30565 42597 27916 60002 43555 46496 10451 21581 19656 69029 10877 2318 74115 54096 35445 66072 19533 35196 34788 33081 44098 48328 54009 10158 25861 6623 39942 12639 40843 
4169 63818 68516 15405 68384 7179 43468 18319 43648 47387 4924 34425 16340 2699 48175 66387 8142 20088 3548 22032 40919 59090 44946 13641 13688 14454 36767 49028 47518 31569 
29979 69614 18038 71948 61020 41725 7123 30483 9794 71680 69104 55773 9580 59953 9432 60078 71367 50000 66126 66781 72373 32200 57801 63265 51467 63824 12658 61984 19181 46465 
18105 1243 48742 36837 33841 50416 37655 38407 53059 58424 26006 34133 28208 4810 57957 4397 55821 7845 16292 63004 26299 4554 3913 25619 20743 21004 49593 11627 14141 39702 
